nCatag1Index	nCatag2Index	nCatag3Index	nFurnitureType	dwFurnitureID	nRepresentID	nBrushModeCnt	szName	nQuality	bInteract	szScaleRange	bNew	bChainPlace	bForTest
0	0	0	1	0	0	0	无效家具名	1	0	0;0	0	1	0
1	6	1	1	4	10	2	江南连廊・连	1					
1	8	1	1	5	11	2	江南石径・连	1					
1	7	1	1	6	12	2	江南石板桥・连	1					
1	5	1	1	1411	37	2	乌栅墙・连	3					
1	5	2	1	7	13	2	江南粉墙・连	1					
1	1	0	1	28	201		江南隐椽馆	1				0	
1	1	0	1	33	206		江南玄墀馆	2				0	
1	1	0	1	12	185		江南鸱吻馆	3				0	
1	1	0	1	9	182		江南鸱吻楼	2				0	
1	1	0	1	29	202		江南雕枋楼	1				0	
1	1	0	1	10	183		江南广庭楼	4				0	
1	1	0	1	30	203		江南雁翅楼	2				0	
1	1	0	1	31	204		江南团花望楼	1				0	
1	1	0	1	11	184		江南华檐楼	4				0	
1	1	0	1	13	186		江南华檐阕	4				0	
1	2	0	1	14	187		江南西厢	2				0	
1	2	0	1	15	188		江南东厢	2				0	
1	2	0	1	16	189		江南堂馆	1				0	
1	2	0	1	17	190		江南开轩馆	1				0	
1	1	0	1	18	191		江南月门馆	1				0	
1	1	0	1	19	192		江南仓楼	1				0	
1	1	0	1	20	193		江南院庭	1				0	
1	1	0	1	22	195		江南帖木皮馆	1				0	
1	3	0	1	23	196		江南月亭	2				0	
1	3	0	1	24	197		江南风亭	2				0	
1	1	0	1	25	198		江南花楹别业	3				0	
1	1	0	1	26	199		江南广庭别业	2				0	
1	3	0	1	34	207		江南琴亭	3				0	
1	3	0	1	35	208		江南八椽亭	3				0	
1	1	0	1	1417	8086		江南帖柱别业	3				0	
3	13	0	1	102	1429		永相携	4				1	
3	13	0	1	103	1430		瑶山群玉	2				1	
3	13	0	1	104	1431		若耶溪韵	2				1	
3	13	0	1	105	1432		玉露金风	4				1	
3	13	0	1	106	1433		相思一函	3				1	
3	13	0	1	107	1434		八面风	1				1	
3	13	0	1	108	1435		寒江素信	1				1	
3	13	0	1	109	1437		落敬亭	4				1	
3	13	0	1	110	1439		意萦圜・独立	4				1	1
3	13	0	1	111	1440		意萦圜・悬	4				1	
2	7	0	1	112	1441		宝相花驼褐毡	1		0.5;1.2		1	
2	7	0	1	113	1442		火毛团花绣舞筵	1		0.5;1.2		1	
2	7	0	1	114	1443		回叶纹绣筵	1		0.5;1.2		1	
2	7	0	1	115	1444		云黛绣筵	2		0.5;1.2		1	
2	9	0	1	116	1445		志得意满枕	4		0.5;1.2		1	
2	9	0	1	117	1446		心宽体胖枕	4		0.5;1.2		1	
2	9	0	1	118	1447		焉知乐枕	4		0.5;1.2		1	
2	9	0	1	119	1448		游梦仙枕	4		0.5;1.2		1	
2	9	0	1	120	1449		远行客枕	4		0.5;1.2		1	
2	9	0	1	121	1450		独行侠枕	4		0.5;1.2		1	1
2	9	0	1	122	1451		欣欣向荣枕	4		0.5;1.2		1	
2	8	0	1	123	1455		吴绫轻那	3		0.5;1.2		1	
2	8	0	1	124	1456		白烟簇雪	3		0.5;1.2		1	
2	8	0	1	125	1457		夹缬挂幔	3		0.5;1.2		1	
2	8	0	1	126	1458		鱼口衔月	3		0.5;1.2		1	
2	8	0	1	127	1459		白编清晖	4		0.5;1.2		1	1
2	8	0	1	128	1460		轻容幔	3		0.5;1.2		1	
2	8	0	1	129	1461		故渊游	4		0.5;1.2		1	
2	8	0	1	130	1462		百染线幔	3		0.5;1.2		1	
2	8	0	1	131	1463		竹挂幔・一	2		0.5;1.2		1	
2	8	0	1	132	1464		竹挂幔・二	2		0.5;1.2		1	
2	8	0	1	133	1465		竹挂幔・三	3		0.5;1.2		1	
2	8	0	1	134	1466		竹挂幔・四	2		0.5;1.2		1	
2	8	0	1	135	1467		竹挂幔・五	2		0.5;1.2		1	
2	8	0	1	136	1468		沧洋远梦	4		0.5;1.2		1	
2	12	0	1	137	1469		龙门香梦	4		0.5;1.2		0	
4	10	0	1	138	1470		玳瑁嵌文杏函匣	3	1			0	
2	20	0	1	139	1471		木兰花妆奁	1				1	
2	3	0	1	140	1472		左右逢源柜	3				1	
2	3	0	1	141	1473		方枘圆凿柜	2				1	
2	3	0	1	142	1474		曲木沉香柜	4				1	
2	3	0	1	143	1475		文柏柜	4				1	
2	3	0	1	144	1476		桑木架	1				1	
2	3	0	1	145	1477		桑木书架	1				1	
2	3	0	1	146	1478		紫檀柜	4				1	
2	3	0	1	147	1479		清漆柜	3				1	
2	3	0	1	148	1480		桑木柜	2				1	
2	6	0	1	149	1481		镜盘桑木立屏	3				1	
2	6	0	1	150	1482		花鸟彩画文柏立屏	2				1	
2	3	0	1	151	1483		榧木架	3				1	
2	3	0	1	152	1484		花梨木衣桁	2				1	
2	3	0	1	153	1485		桑木架	3				1	
2	3	0	1	154	1486		沉香木架	2				1	
2	4	0	1	155	1487		文柏木经案	3				1	
2	4	0	1	156	1488		桑木鹤膝案	3				1	
2	4	0	1	157	1489		鸭头绿书案	3				1	1
2	4	0	1	158	1490		云石案	1				1	
2	13	0	1	159	1491		桑木盆架	4	1			0	
2	13	0	1	160	1492		桑木高面盆架	4	1			0	
2	4	0	1	161	1493		团花榻足几	1				1	
3	14	0	1	162	1494		金平脱群鸾华幛	3				1	
2	17	0	1	163	1495		铜镜	1		0.5;1.2		1	
3	14	0	1	164	1496		怒海观擂兵器架	2				1	
2	4	0	1	165	1497		云石台案	2				1	
3	14	0	1	167	1499		鸣皋华幛	4				1	
2	6	0	1	168	1500		黄杨立屏	3				1	1
2	6	0	1	169	1501		曲面黄杨立屏・左	3				1	1
2	6	0	1	170	1502		曲面黄杨立屏・右	3				1	1
2	3	0	1	171	1503		桐木架	1				1	
2	3	0	1	172	1504		榧木架	1				1	
2	3	0	1	173	1505		榧木棚架	1				1	
2	3	0	1	174	1506		桐木花柜	2				1	
2	3	0	1	175	1507		黄杨攒边花柜	4				1	
2	3	0	1	176	1508		碧海潮生柜	3				1	
2	6	0	1	177	1509		涂胡粉坐障	3				1	
2	6	0	1	178	1510		溪山图立屏	2				1	
2	6	0	1	179	1511		鹤排云织锦坐障	4				1	
2	6	0	1	180	1512		粉地山水坐障	4				1	
2	6	0	1	181	1513		归鸿立屏	2				1	
2	6	0	1	182	1514		画白翎五牒屏	3				1	
2	6	0	1	183	1515		菡池鱼戏坐障	4				1	
2	5	0	1	184	1516		葵草坐垫	2	1			1	
2	5	0	1	185	1517		龙须草坐垫	1	1			1	
2	5	0	1	186	1518		桑木长凳	1	1			1	
2	5	0	1	187	1519		桐木凳	1	1			1	
2	5	0	1	188	1520		雕枋桐木凳	1	1			1	
2	5	0	1	189	1521		绳面文柏凳	2	1			1	
2	5	0	1	190	1522		宝相桑木凳	2	1			1	
2	5	0	1	191	1523		酌诺	2	1			1	
2	5	0	1	192	1524		主位酌诺	3	1			1	1
2	5	0	1	193	1525		栅足长凳	2	1			1	
2	5	0	1	194	1526		素髹桑木长凳	1	1			1	
2	5	0	1	195	1527		桐木圈椅	3	1			1	
2	5	0	1	196	1528		榧木圈椅	2	1			1	
2	5	0	1	197	1529		铜平脱扶手椅	3	1			1	
2	13	0	1	198	1530		鱼龙跋浪盆	4	1			0	
2	13	0	1	199	1531		龙游四海盆	4	1			0	
2	17	0	1	200	1533		时令佳果・春	1				1	
2	17	0	1	201	1534		时令佳果・夏	2				1	
2	17	0	1	202	1535		时令佳果・秋	3				1	
2	10	0	1	203	1540		寒琼书灯	2	1			1	
2	10	0	1	204	8064		团花纹灯	1	1	0.5;1.2		1	
2	10	0	1	205	8065		扁青涂花梨木书灯	1	1	0.5;1.2		1	
2	10	0	1	206	8066		桐木书灯	1	1	0.5;1.2		1	
2	10	0	1	207	8067		根Y云石灯	2	1	0.5;1.2		1	
2	10	0	1	208	8068		夹竹桃书灯	2	1	0.5;1.2		1	
2	10	0	1	209	8069		金平脱双比翼灯	4	1	0.5;1.2		1	
2	11	0	1	210	6731		桐木壁灯	2	1	0.5;1.2		1	
2	11	0	1	211	6733		雉羽衔壁灯	3	1	0.5;1.2		1	
2	11	0	1	212	1550		寒琼灯笼	2	1	0.5;1.2		1	
2	12	0	1	213	8072		垂青槐	4	1	0.5;1.2		0	
2	12	0	1	214	8073		逢断桥	3	1	0.5;1.2		0	
2	12	0	1	215	8074		济江海	4	1	0.5;1.2		0	
2	11	0	1	216	1554		扁青涂银灯笼	3	1	0.5;1.2		1	
2	12	0	1	217	8075		缀荷包双圜灯	3	1	0.5;1.2		0	
2	12	0	1	218	8076		平脱文杏灯	3	1	0.5;1.2		0	
2	11	0	1	219	8077		荼蘼灯笼	2	1	0.5;1.2		1	
2	11	0	1	220	8078		素髹宝相花灯笼	4	1	0.5;1.2		1	1
2	12	0	1	221	8079		黄铜鱼戏灯	4	1	0.5;1.2		0	1
2	15	0	1	222	1561		字帖	2		0.5;1.2		1	
2	16	0	1	223	1562		小池舟来	3		0.5;1.2		1	
2	15	0	1	224	1563		青瓷画山水瓮	2				1	
2	16	0	1	225	1564		溪山图	2		0.5;1.2		1	
2	15	0	1	229	1568		铜平脱蝶饰笔架	3		0.5;1.2		1	
2	15	0	1	230	1569		饰邢窑盘桐木笔架	3		0.5;1.2		1	
2	15	0	1	232	1571		素髹桐木笔架	3		0.5;1.2		1	
2	16	0	1	237	1576		了无挂碍图	2		0.5;1.2		1	
2	15	0	1	239	1578		明前点茶组器	2				1	
2	15	0	1	240	1579		玉露煎茶组器	3				1	
2	15	0	1	241	1580		邢窑白瓷罗合	2		0.5;1.2		1	
2	15	0	1	242	1581		铸铁煎壶	2		0.5;1.2		1	
2	15	0	1	243	1582		铜煎壶	2		0.5;1.2		1	
2	15	0	1	245	1584		越窑瓷罗合	1		0.5;1.2		1	
2	15	0	1	246	1585		邢窑云纹卧炉	2		0.5;1.2		1	
3	14	0	1	248	1587		磁州窑大经瓶	2				1	
2	17	0	1	249	1588		吉州窑经瓶・红柿	4		0.5;1.2		1	
2	17	0	1	250	1589		九州港胆瓶・芦花	1		0.5;1.2		1	
2	17	0	1	251	1590		九州港经瓶・迎春	1		0.5;1.2		1	
3	14	0	1	252	1591		溪山图经瓶・菡萏	3				1	
2	17	0	1	253	1592		邢窑胆瓶・木兰	2		0.5;1.2		1	
2	17	0	1	254	1593		九州港经瓶・木兰	1		0.5;1.2		1	
2	1	0	1	264	1603		桐木榻	3	1			0	
2	1	0	1	256	1595		莞草席	1	1			0	
2	2	0	1	257	1596		葵草茵席	2	1			0	
2	1	0	1	258	1597		葵草席	1	1			0	
2	1	0	1	259	1598		织锦席	2	1			0	
2	1	0	1	260	1599		云涛图席	1	1			0	
2	2	0	1	261	1600		莞草茵席	3	1			0	
2	2	0	1	262	1601		黄杨木坐床	1	1			0	
2	1	0	1	263	1602		翘头板足榻	4	1			0	
2	1	0	1	265	1604		卷涛纹黄杨榻	4	1			0	
2	2	0	1	266	1605		金平脱宝相花床	4	1			0	
2	2	0	1	267	1606		团花纹金棱床	3	1			0	
2	2	0	1	268	1607		黄粱跌宕床	4	1			0	
2	4	0	1	269	1608		棋局几・展	3				1	
2	4	0	1	270	1609		茶函几・覆	3				1	
2	4	0	1	271	1610		沉香木板足几	3				1	
2	4	0	1	272	1611		茶函几・展	3				1	
2	4	0	1	273	1612		宝装黄杨木几	4				1	1
2	4	0	1	274	1613		雕夕山图书案	3				1	
2	4	0	1	280	1619		桐木桌	1				1	
2	4	0	1	281	1621		雕枋桌	2				1	
2	4	0	1	282	1622		文柏桌	2				1	
2	4	0	1	283	1623		桑木桌	2				1	
2	4	0	1	284	1624		宝相面圆桌	4				1	
2	4	0	1	285	1625		酌抛	2				1	
2	4	0	1	286	1626		桐木攒边桌	2				1	
2	19	0	1	287	1627		红泥绿蚁台	1				1	
2	17	0	1	292	1632		山外山黄杨木钵	2		0.5;1.2		1	
2	17	0	1	293	1633		越窑素面卧炉	1		0.5;1.2		1	
2	17	0	1	294	1634		越窑香插	1		0.5;1.2		1	
2	17	0	1	295	1635		越窑卷草纹卧炉	1		0.5;1.2		1	
2	17	0	1	296	1636		越窑云纹卧炉	1		0.5;1.2		1	
3	13	0	1	300	1428		恰啼此时	3				1	
3	13	0	1	301	1436		意萦圜・鼎立	4				1	
3	8	0	1	484	6170		春意盎然	3				0	
3	8	0	1	487	6173		远游时祈	2				0	
3	8	0	1	997	7110		修竹篱门	3				0	
3	8	0	1	998	7111		紫竹苑门	2				0	
3	8	0	1	302	1532		夏枯秋荣	4				0	
2	10	0	1	303	8059		黄铜宝相花灯檠	4	1			1	
2	10	0	1	304	8060		缬兰灯檠	4	1			1	
2	10	0	1	305	8061		灰缬山水灯	3	1			1	
3	6	0	1	307	1541		天街华岁	4	1			1	1
4	3	0	2	1266	5503		情人枕・天下之雄	4				0	
3	3	1	1	352	5378		曲干朴树	3		0.5;1.2		1	
3	3	1	1	353	5379		直立朴树	3		0.5;1.2		1	
3	3	0	1	354	5380		东海散尾葵	2		0.5;1.2		1	
3	4	0	1	355	5381		曲干金叶白蜡	3					
3	4	0	1	359	5385		大花石榴树	1					
3	3	0	1	360	5386		长青凤尾蕉	4		0.5;1.2		1	
3	4	1	1	361	5387		垂直南海青榄李	1					
3	4	1	1	362	5388		曲干南海青榄李	1					
3	4	0	1	363	5389		江浙女贞树群落	1					
3	4	0	1	364	5390		黑戈壁白杨树	1					
3	4	0	1	365	5391		千叶小叶榕	1					
3	4	0	1	366	5392		小枝冲天青檀	1					
3	3	0	1	367	5393		蜀中毛竹	3				1	
3	3	0	1	368	5394		断刃毛竹	1		0.5;1.2		1	
3	4	0	1	369	5395		双生银杏	1					
3	4	0	1	370	5396		青苔金叶榆	2					
3	4	0	1	371	5397		硕果桑树	2					
3	4	0	1	372	5398		佛焰苞蒲葵	2					
3	4	0	1	373	5399		洞天福地岛木瓜树	2					
3	3	0	1	374	5400		大折扇旅人蕉	4		0.5;1.2		1	
3	4	0	1	375	5401		夏开紫玉兰	1					
2	6	0	1	376	6000		黄杨木坐障	2				1	
2	6	0	1	377	6001		月白地秋晚图坐障	4				1	
2	6	0	1	378	6002		夹缬山水立屏	2				1	
2	6	0	1	379	6003		方棋绫双立屏	3				1	
2	6	0	1	380	6004		江湖墨双立屏	3				1	
2	6	0	1	381	6005		鸾抱花四牒屏	4				1	1
2	6	0	1	382	6006		燕衔丝三牒屏	4				1	1
4	10	0	1	383	6007		桑木书柜	3	1			0	
2	3	0	1	384	6008		桑木药柜	2				1	
2	5	0	1	385	6009		赤漆涂圈椅	3	1			1	
2	5	0	1	386	6010		花梨木圈椅	3	1			1	
2	8	0	1	387	6011		孔雀罗挂幔	4		0.5;1.2		1	
2	8	0	1	388	6012		山海音	4		0.5;1.2		1	1
3	6	0	1	389	6013		仙韶来仪	4	1			1	1
2	10	0	1	390	6014		芙蕖白菰灯	3	1	0.5;1.2		1	1
2	10	0	1	391	8080		木兰黑柿灯	3	1	0.5;1.2		1	
2	10	0	1	392	6016		曲岸浮香灯	3	1	0.5;1.2		1	
2	10	0	1	393	8081		错落相思壁灯	4	1	0.5;1.2		1	
2	13	0	1	394	6018		榧木高面盆架	4	1			0	
3	14	0	1	395	6019		苏芳染兵器架	4				1	
3	14	0	1	396	6020		跃龙兵器架	4				1	
2	4	0	1	397	6021		双飞翼妆案	3				1	
4	10	0	1	399	6023		灰砖灶台	3	1			0	
2	1	0	1	400	6024		低矮木榻	1	1			0	
2	6	0	1	401	6025		二君子五牒屏	3				1	
2	20	0	1	402	6026		赤漆妆奁	1				1	
2	20	0	1	403	6027		赤漆衣箱	1				1	
2	20	0	1	404	6028		素髹竹妆奁	1				1	
2	20	0	1	405	6029		半旧樟木箱	1				1	
2	20	0	1	406	6030		半旧榉木箱	1				1	
2	20	0	1	407	6031		铜平脱妆奁	1				1	
2	20	0	1	408	6032		兽面纹妆奁	1				1	
2	3	0	1	409	6033		花梨木矮柜	1				1	
2	3	0	1	411	6035		花梨木曲柜	1				1	
2	3	0	1	412	6036		铜平脱矮柜	2				1	
2	3	0	1	413	6037		赤漆铜平脱药柜	1				1	
2	3	0	1	414	6038		赤漆矮柜	1				1	
2	3	0	1	415	6039		金平脱花梨立柜	1				1	
2	3	0	1	416	6040		金平脱花梨柜	1				1	
3	14	0	1	417	6041		鎏金香浮屠	2				1	
3	14	0	1	418	6042		石青顶香浮屠	2				1	
2	17	0	1	419	6043		兽面纹铜卧炉	2		0.5;1.2		1	
2	17	0	1	420	6044		毕方博山炉	4		0.5;1.2		1	
2	5	0	1	421	6045		细布坐垫	1				1	
2	5	0	1	422	6046		芦苇蒲团	1				1	
2	8	0	1	426	6050		彩锦半拢・一	2		0.5;1.2		1	
2	8	0	1	428	6052		彩锦半拢・二	2		0.5;1.2		1	
2	8	0	1	429	6053		彩锦半拢・三	2		0.5;1.2		1	
2	8	0	1	430	6054		彩锦半拢・四	2		0.5;1.2		1	
2	8	0	1	431	6055		彩锦半拢・五	2		0.5;1.2		1	
2	8	0	1	432	6056		彩锦半拢・六	2		0.5;1.2		1	
2	8	0	1	433	6057		丝绸挂幔・一	4		0.5;1.2		1	1
2	8	0	1	434	6058		丝绸挂幔・二	4		0.5;1.2		1	1
3	6	0	1	435	6059		天竺石仿仓楼灯	1	1			1	
3	6	0	1	436	6060		天竺石仿望楼灯	1	1			1	
3	6	0	1	437	6061		溶溶月	3	1			1	
3	6	0	1	438	6062		太湖石卷云灯	3	1			1	
3	6	0	1	439	6063		零陵石灯	1	1			1	
3	6	0	1	440	6064		赤漆灯檠	2	1			1	
3	6	0	1	441	6065		瓜洲点愁	2	1			1	
3	6	0	1	442	6066		桑木灯檠	1	1			1	
3	6	0	1	443	6067		榧木灯联	1	1			1	
3	6	0	1	444	6068		天竺石灯	1	1			1	
2	11	0	1	445	6069		朝霞锦壁灯	1	1	0.5;1.2		1	
2	11	0	1	446	6070		仿栌斗壁灯	2	1	0.5;1.2		1	
2	11	0	1	447	6071		塞云壁灯	2	1	0.5;1.2		1	
2	11	0	1	448	6072		细布灯笼	1	1	0.5;1.2		1	
2	11	0	1	449	6073		石青涂海水纹灯笼	1	1	0.5;1.2		1	
2	11	0	1	450	6074		银平脱桐木壁灯	1	1	0.5;1.2		1	
2	11	0	1	451	6075		桐木灯笼	1	1	0.5;1.2		1	
2	11	0	1	452	6076		银月丹o灯笼	4	1	0.5;1.2		1	
2	17	0	1	455	6079		九州港彩釉缸	1		0.5;1.2		1	
2	4	0	1	456	6080		回字平脱案	1				1	
2	4	0	1	457	6081		硇推酵寻	1				1	
2	4	0	1	458	6082		赤漆木几	2				1	
2	4	0	1	459	6083		黄杨木翘头经案	1				1	
1	10	0	1	492	25	2	水池	1					
3	8	0	1	467	6153		漆园池	4				0	
2	5	0	1	513	6223		榧木椅	3	1			1	
2	5	0	1	514	6224		桐木椅	4	1			1	1
2	5	0	1	515	6225		花梨木椅	4	1			1	
2	4	0	1	516	6226		鹤朝红日案	3				1	
3	2	0	1	520	1438		混栽蔷薇藤	2		0.5;1.2		1	
2	1	0	1	521	1452		白编绫被褥	2				0	
2	1	0	1	522	1453		明霞锦被褥	2				0	
2	1	0	1	523	1454		鱼口绫被褥	2				0	
2	19	0	1	526	6237		鎏金大水缸	1				1	
2	19	0	1	528	6239		木桶・一	1				1	
2	4	0	1	541	6311		绿地云纹涂桌	1				1	
2	4	0	1	542	6312		至德战区图・案	4				1	
2	7	0	1	543	6313		羊毛毡	2		0.5;1.2		1	
2	7	0	1	544	6314		霸刀褐毡	2		0.5;1.2		1	
2	7	0	1	545	6315		长歌绣筵	2		0.5;1.2		1	
2	7	0	1	546	6316		蓬莱绣筵	2		0.5;1.2		1	
2	7	0	1	547	6317		七秀绣筵	2		0.5;1.2		1	
2	7	0	1	548	6318		万花绣筵	2		0.5;1.2		1	
2	7	0	1	549	6319		丐帮褐毡	2		0.5;1.2		1	
2	7	0	1	550	6320		五毒绣筵	2		0.5;1.2		1	
2	7	0	1	551	6321		唐门褐毡	2		0.5;1.2		1	
2	7	0	1	552	6322		天策褐毡	2		0.5;1.2		1	
2	7	0	1	553	6323		少林褐毡	2		0.5;1.2		1	
2	7	0	1	554	6324		明教褐毡	2		0.5;1.2		1	
2	7	0	1	555	6325		纯阳绣筵	2		0.5;1.2		1	
2	7	0	1	556	6326		苍云褐毡	2		0.5;1.2		1	
2	7	0	1	557	6327		藏剑褐毡	2		0.5;1.2		1	
2	6	0	1	558	6328		相如意坐障	4				1	
2	6	0	1	559	6329		阳剑坐障	4				1	
2	6	0	1	560	6330		南天擂坐障	4				1	
2	6	0	1	561	6331		骊山梦坐障	3				1	
2	6	0	1	562	6332		黍香潇雨坐障	4				1	1
2	6	0	1	563	6333		端阳立屏	3				1	1
2	6	0	1	564	6334		端阳弄潮立屏	3				1	1
2	6	0	1	565	6335		端阳弄潮坐障	4				1	1
2	6	0	1	566	6336		黍香坐障	4				1	1
2	6	0	1	567	6337		越千山坐障	3				1	
3	7	0	1	568	6338		一统志	4				0	
3	7	0	1	569	6339		皇帝名	4				0	
3	7	0	1	570	6340		狼王战鼓	4				0	
3	7	0	1	571	6341		莫愁鼓	3				0	
3	7	0	1	572	6342		绿地彩绘鼓	2				0	
3	7	0	1	573	6343		牧民战鼓	3				0	
3	7	0	1	574	6344		画角	3				0	
3	7	0	1	575	6345		金帐辉夜	3	1			0	
3	7	0	1	576	6346		九天阖闾	4				0	
3	7	0	1	577	6347		老旧登闻鼓	3				0	
3	14	0	1	578	6348		至德战区图・立	4				1	
2	16	0	1	579	6349		至德战区图・挂	3		0.5;1.2		1	
2	16	0	1	580	6350		全家福	1		0.5;1.2		1	
2	16	0	1	581	6351		财源滚滚剪花	1		0.5;1.2		1	
2	16	0	1	582	6352		年年有余剪花	1		0.5;1.2		1	
2	16	0	1	583	6353		二龙献福剪花	1		0.5;1.2		1	
3	7	0	1	584	6354		巨型毒伞菌	2				0	
3	14	0	1	585	6355		孔方摆件	2				1	
2	17	0	1	586	6356		鸟巢	1		0.5;1.2		1	
3	14	0	1	587	6357		七层浮屠	3				1	
3	14	0	1	588	6358		陶药炉	2				1	
3	14	0	1	589	6359		黄杨根药臼	3				1	
3	7	0	1	590	6360		日晷	3				0	
3	7	0	1	591	6361		山城玉象饰件	3				0	
3	7	0	1	592	6362		兽面纹黄铜鼎	2				0	
3	14	0	1	593	6363		昆山焰晶	4				1	
3	14	0	1	594	6364		苗疆铁质大药炉	2				1	
3	14	0	1	595	6365		海龟甲	2				1	
3	14	0	1	596	6366		东海珠蚌	3				1	
2	16	0	1	597	6367		圣女石刻画	4		0.5;1.2		1	
2	17	0	1	598	6368		万象包罗	3				1	
3	14	0	1	600	6370		仙掌动	4				1	
2	17	0	1	601	6371		仿铜敦博山炉	4				1	
2	17	0	1	602	6372		琉璃顶香浮屠	3				1	
3	14	0	1	603	6373		天竺式香浮屠	3				1	
2	16	0	1	604	6374		蔓墙藤	3		0.5;1.2		1	
3	3	0	1	605	6375		苗疆菇群	3		0.5;1.2		1	
3	3	0	1	606	6376		歌朵兰漠仙人掌	3		0.5;1.2		1	
3	3	0	1	607	6377		毛竹春笋	3		0.5;1.2		1	
3	6	0	1	609	6379		夔龙问鼎	4	1			1	
3	6	0	1	610	6380		圣火石灯	3	1			1	
2	10	0	1	611	6381		汉宫豆形灯	3	1	0.5;1.2		1	
2	11	0	1	612	6382		斗指乙灯笼	2	1	0.5;1.2		1	
2	11	0	1	613	6383		北邙忆灯笼	2	1	0.5;1.2		1	
2	11	0	1	614	6384		缬宝相花灯笼	2	1	0.5;1.2		1	
2	11	0	1	615	6385		狼堑壁灯	3	1	0.5;1.2		1	
2	11	0	1	616	6386		烛龙壁灯	4	1	0.5;1.2		1	
2	11	0	1	617	6387		榧木壁灯	2	1	0.5;1.2		1	
3	6	0	1	619	6389		太液清光	4				1	
3	7	0	1	620	6390		乌路蛇石像	3				0	
3	6	0	1	621	6391		凤池璧影	3				1	
3	7	0	1	622	6392		菩提会石灯	4				0	
2	10	0	1	623	6393		黄杨根灯檠	2	1			1	
2	10	0	1	624	6394		菩提木灯檠	1	1			1	
3	6	0	1	625	6395		琉球社灯檠	2	1			1	
3	7	0	1	626	6396		错金饰青铜牛灯	4	1			0	
3	6	0	1	627	6397		福光临门	3	1			1	1
2	12	0	1	628	6398		倒转亭台暖夜纱	4	1	0.5;1.2		0	
2	12	0	1	629	6399		公输之质	4	1	0.5;1.2		0	
3	5	0	1	630	6400		充气兽皮木筏	3				1	
3	6	0	1	631	6401		黍离悲	2				1	
3	7	0	1	632	6402		降羽仙	4				0	
3	7	0	1	633	6403		阿里曼花架	4				0	
3	7	0	1	634	6404		迪多拉毒菇	4				0	
3	7	0	1	635	6405		混沌此生	4				0	
3	7	0	1	636	6406		恶犬啖月	3				0	
3	7	0	1	637	6407		雷煅柱	3				0	
3	7	0	1	638	6408		柳氏石柱	2				0	
3	14	0	1	639	6409		闲散客	3				1	
3	7	0	1	640	6410		异形饕餮蟾	3				0	
3	7	0	1	641	6411		越析战象雕	3				0	
3	7	0	1	642	6412		蒙舍力士像	4				0	
2	16	0	1	643	6413		醉蛛墙饰	4		0.5;1.2		1	
3	14	0	1	644	6414		玉蟾宫焰晶	4				1	
3	7	0	1	645	6415		章尾啸	4				0	
3	7	0	1	646	6416		相扑力士像	4				0	
3	7	0	1	647	6417		蒙舍战神像	4				0	
3	7	0	1	648	6418		天子峰石剑	4				0	
3	7	0	1	649	6419		堕凡尘	3				0	
3	7	0	1	650	6420		踏列星	4				0	1
3	7	0	1	651	6421		唤雨呼风	3				0	
3	7	0	1	652	6422		冰谷嘶风	4				0	
3	14	0	1	653	6423		佳曲三弄	4				1	
3	14	0	1	654	6424		仙芝清骨	3				1	
2	17	0	1	655	6425		宾王博山炉	1		0.5;1.2		1	
2	11	0	1	656	6426		银平脱灯笼	2	1	0.5;1.2		1	
3	7	0	1	657	6427		西湖石剑	2				0	
3	14	0	1	658	6428		青铜阔刀	2				1	
3	11	0	1	659	6429		鸟之语木桩	2				1	
3	7	0	1	660	6430		栌斗廊柱	2				0	
3	3	0	1	661	6431		蛮蕨	3		0.5;1.2		1	
2	16	0	1	662	6432		苗石狼头	3		0.5;1.2		1	
2	16	0	1	663	6433		苗石山羊头	3		0.5;1.2		1	
2	16	0	1	664	6434		苗石虎头	3		0.5;1.2		1	
2	16	0	1	665	6435		苗石鹿头	3		0.5;1.2		1	
3	7	0	1	666	6436		“毒”字巨石	2				0	
3	11	0	1	667	6437		祥龙木桩	3				1	
3	11	0	1	668	6438		天工机关木桩	3				1	
2	17	0	1	669	6439		蓝蝶坠饰	3		0.5;1.2		1	
2	17	0	1	670	6440		兽牙坠饰	3		0.5;1.2		1	
3	11	0	1	671	6441		稻草人・蓑笠翁	1				1	
3	11	0	1	672	6442		匾额・凌云堂	3				1	
3	11	0	1	673	6443		匾额・山海阁	3				1	
3	11	0	1	674	6444		匾额・忠义堂	3				1	
3	11	0	1	675	6445		匾额・忠烈堂	3				1	
3	11	0	1	676	6446		匾额・海天阁	3				1	
3	11	0	1	677	6447		匾额・聚义堂	3				1	
3	11	0	1	678	6448		匾额・聚贤阁	3				1	
2	10	0	1	716	8062		桐木灯檠	1	1			1	
3	13	0	1	731	6737		宜室宜家	2				1	
3	13	0	1	732	6738		蝶来时	1				1	
3	13	0	1	733	6739		仲夏香	1				1	
2	6	0	1	734	6740		绮罗人物四牒屏	1				1	
2	20	0	1	735	6741		旧妆奁	1				1	
2	3	0	1	736	6742		赤漆药柜	1				1	
2	3	0	1	737	6743		金平脱卷草纹柜	1				1	
2	3	0	1	738	6744		金平脱紫檀柜	1				1	
2	3	0	1	739	6745		赤漆柜	2				1	
2	5	0	1	740	6746		橡木帽椅	1				1	1
2	5	0	1	741	6747		草蒲团	1				1	
2	20	0	1	742	6748		古怪坐垫	1				1	
2	20	0	1	743	6749		蓝染布卷	1				1	
2	8	0	1	744	6750		水波幔・一	4		0.5;1.2		1	1
2	8	0	1	745	6751		水波幔・二	4		0.5;1.2		1	1
2	8	0	1	746	6752		水波幔・三	4		0.5;1.2		1	1
2	8	0	1	747	6753		水波幔・四	4		0.5;1.2		1	1
3	6	0	1	748	6754		竹制风灯	2	1			1	
3	6	0	1	749	6755		天竺石阁阑灯	1	1			1	
3	6	0	1	750	6756		罗浮石仿仓楼灯	1	1			1	
2	11	0	1	751	6757		桑木壁灯	1	1	0.5;1.2		1	
2	11	0	1	752	6758		粗布灯笼	1	1	0.5;1.2		1	
2	11	0	1	753	6759		彩锦卷草灯笼	1	1	0.5;1.2		1	
2	11	0	1	754	6760		悬铜铃灯笼	1	1	0.5;1.2		1	
2	11	0	1	755	6761		潮思蔑编灯笼	3	1	0.5;1.2		1	
2	19	0	1	758	6764		一罐清水	2				1	
2	19	0	1	759	6765		旧石臼	1				1	
2	19	0	1	760	6766		糯米酒	3				1	
2	19	0	1	761	6767		一坛老酒	3				1	
2	19	0	1	762	6768		芦草席	1				1	
2	19	0	1	763	6769		团匾	1				1	
2	19	0	1	764	6770		茯苓散	1				1	
2	19	0	1	765	6771		蔑编竹篮・二	1				1	
2	15	0	1	766	6772		一张纸	1		0.5;1.2		1	
2	8	0	1	767	6773		旧时帘	1		0.5;1.2		1	
2	8	0	1	768	6774		故窗忆・一	1		0.5;1.2		1	
2	8	0	1	769	6775		故窗忆・二	1		0.5;1.2		1	
2	19	0	1	770	6776		蓑衣	1				1	
2	19	0	1	771	6777		斗笠	1				1	
2	16	0	1	772	6778		云山图	1		0.5;1.2		1	
2	16	0	1	773	6779		《兰亭集序》摹本	1		0.5;1.2		1	
2	16	0	1	774	6780		鱼口绫装江雪图	1		0.5;1.2		1	
2	15	0	1	775	6781		越窑兰纹缸	1				1	
2	15	0	1	776	6782		赤漆晾架	2				1	
2	3	0	1	777	6783		设妆奁矮柜	2				1	
2	4	0	1	779	6785		木书案	1				1	
2	19	0	1	781	6787		废旧灶台	2				1	
4	11	0	1	782	6788		粗陶花缸	1	1				
4	11	0	1	783	6789		陶花鼎	1	1				
3	1	0	1	784	6845		柳叶水甘草	3		0.5;1.2		1	
3	1	0	1	786	6847		紫色石竹花	3		0.5;1.2		1	
3	1	0	1	787	6848		六瓣葱莲	3		0.5;1.2		1	
3	1	0	1	788	6849		麦仙翁	3		0.5;1.2		1	
3	1	0	1	789	6850		铃兰	3		0.5;1.2		1	
3	3	1	1	791	6852		朴树一	3		0.5;1.2		1	
3	3	1	1	792	6853		朴树二	3		0.5;1.2		1	
3	3	0	1	793	6854		红花月桃	3		0.5;1.2		1	
3	3	0	1	794	6855		月桃	1		0.5;1.2		1	
3	3	0	1	795	6856		羊齿蕨・二	1		0.5;1.2		1	
3	3	0	1	796	6857		羊齿蕨・三	1		0.5;1.2		1	
3	3	0	1	797	6858		紫色丁香树	3		0.5;1.2		1	
3	3	2	1	798	6859		蔷薇・一	1		0.5;1.2		1	
3	3	2	1	799	6860		蔷薇・二	1		0.5;1.2		1	
3	3	2	1	800	6861		蔷薇・三	2		0.5;1.2		1	
3	3	2	1	801	6862		蔷薇・四	2		0.5;1.2		1	
3	3	0	1	802	6863		木槿	2		0.5;1.2		1	
3	3	0	1	803	6864		栀子树	2		0.5;1.2		1	
3	3	0	1	804	6865		三角梅	1		0.5;1.2		1	
3	3	0	1	805	6866		小丛绿叶珠兰・三	1		0.5;1.2		1	
3	3	3	1	806	6867		小丛红叶珠兰	2		0.5;1.2		1	
3	3	3	1	807	6868		大丛绿叶珠兰・一	1		0.5;1.2		1	
3	3	3	1	808	6869		大丛绿叶珠兰・二	1		0.5;1.2		1	
3	3	3	1	809	6870		大丛黄叶珠兰・一	1		0.5;1.2		1	
3	3	3	1	810	6871		大丛黄叶珠兰・二	1		0.5;1.2		1	
3	3	4	1	811	6872		山茶树・一	1		0.5;1.2		1	
3	3	4	1	812	6873		山茶树・二	1		0.5;1.2		1	
3	3	0	1	813	6874		丛生散尾葵	2		0.5;1.2		1	
3	3	0	1	814	6875		芭蕉树・二	3		0.5;1.2		1	
3	3	0	1	815	6876		蓝叶小檗	4		0.5;1.2		1	
3	2	1	1	816	6877		薜荔・一	1		0.5;1.2		1	
3	2	1	1	817	6878		薜荔・二	1		0.5;1.2		1	
3	2	1	1	818	6879		薜荔・三	1		0.5;1.2		1	
3	2	1	1	819	6880		薜荔・四	1		0.5;1.2		1	
3	2	5	1	820	6881		草・一	1		0.5;1.2		1	
3	2	5	1	821	6882		草・二	1		0.5;1.2		1	
3	2	5	1	822	6883		草・三	1		0.5;1.2		1	
3	2	5	1	823	6884		草・四	1		0.5;1.2		1	
3	2	5	1	824	6885		草・五	1		0.5;1.2		1	
3	2	6	1	825	6886		蔷薇藤・一	2		0.5;1.2		1	
3	2	6	1	826	6887		蔷薇藤・二	2		0.5;1.2		1	
3	2	6	1	827	6888		蔷薇藤・三	2		0.5;1.2		1	
3	2	6	1	828	6889		蔷薇藤・四	2		0.5;1.2		1	
3	2	6	1	829	6890		蔷薇藤・五	2		0.5;1.2		1	
3	2	6	1	830	6891		蔷薇藤・六	2		0.5;1.2		1	
3	2	6	1	831	6892		蔷薇藤・七	2		0.5;1.2		1	
3	2	6	1	832	6893		蔷薇藤・八	2		0.5;1.2		1	
3	2	6	1	833	6894		蔷薇藤・九	2		0.5;1.2		1	
3	2	9	1	834	6895		紫藤・一	3		0.5;1.2		1	
3	2	9	1	835	6896		紫藤・二	3		0.5;1.2		1	
3	2	9	1	836	6897		紫藤・三	2		0.5;1.2		1	
3	2	9	1	837	6898		紫藤・四	2		0.5;1.2		1	
3	2	9	1	838	6899		紫藤・五	2		0.5;1.2		1	
3	2	11	1	839	6900		野橘藤・一	1		0.5;1.2		1	
3	2	10	1	840	6901		青藤・一	1		0.5;1.2		1	
3	2	10	1	841	6902		青藤・二	1		0.5;1.2		1	
3	2	15	1	842	6903		爬山虎・一	1		0.5;1.2		1	
3	2	15	1	843	6904		爬山虎・二	1		0.5;1.2		1	
3	2	15	1	844	6905		爬山虎・三	1		0.5;1.2		1	
3	2	15	1	845	6906		爬山虎・四	1		0.5;1.2		1	
3	2	15	1	846	6907		爬山虎・五	1		0.5;1.2		1	
3	2	7	1	847	6908		心叶藤・一	1		0.5;1.2		1	
3	2	7	1	848	6909		心叶藤・二	1		0.5;1.2		1	
3	2	7	1	849	6910		心叶藤・三	1		0.5;1.2		1	
3	2	7	1	850	6911		心叶藤・四	1		0.5;1.2		1	
3	2	7	1	851	6912		心叶藤・五	1		0.5;1.2		1	
3	2	7	1	852	6913		心叶藤・六	1		0.5;1.2		1	
3	2	7	1	853	6914		心叶藤・七	1		0.5;1.2		1	
3	2	7	1	854	6915		心叶藤・八	1		0.5;1.2		1	
3	2	4	1	855	6916		巨木山归来・一	4		0.5;1.2		1	
3	2	4	1	856	6917		巨木山归来・二	4		0.5;1.2		1	
3	2	4	1	857	6918		巨木山归来・三	4		0.5;1.2		1	
3	2	4	1	858	6919		巨木山归来・四	4		0.5;1.2		1	
3	1	0	1	859	6920		橙色葵百合	3		0.5;1.2		1	
3	1	0	1	860	6921		无名芳蕨	3		0.5;1.2		1	
3	1	0	1	892	6953		蓝紫混色似秋英	3		0.5;1.2		1	
1	6	1	1	903	7018		江南连廊・一	1					
1	6	1	1	904	7019		江南连廊・二	1					
1	6	1	1	905	7020		江南连廊・三	1					
1	6	1	1	906	7021		江南连廊・四	1					
1	6	1	1	907	7022		江南连廊・五	1					
1	6	1	1	908	7023		江南连廊・六	1					
1	6	1	1	909	7024		江南连廊・七	1					
1	6	1	1	910	7025		江南连廊・八	1					
1	6	1	1	911	7026		江南连廊・九	1					
1	6	1	1	912	7027		江南连廊・十	1					
1	6	1	1	913	7028		江南连廊・十一	1					
1	6	1	1	914	7029		江南连廊・十二	1					
1	8	2	1	1491	43	2	目雷纹石径・连	2					
1	8	3	1	1498	45	2	太湖石径・连	3					
1	8	1	1	915	7030		江南石径・一	1				1	
1	8	1	1	916	7031		江南石径・二	1				1	
1	8	1	1	917	7032		江南石径・三	1				1	
1	8	1	1	918	7033		江南石径・四	1				1	
1	8	1	1	919	7034		江南石径・五	1				1	
1	8	1	1	920	7035		江南石径・六	1				1	
1	8	1	1	921	7036		江南石径・七	1				1	
1	8	1	1	922	7037		江南石径・八	1				1	
1	8	1	1	923	7038		江南石径・九	1				1	
1	8	1	1	924	7039		江南石径・十	1				1	
1	8	1	1	925	7040		江南石径・十一	1				1	
1	8	1	1	926	7041		江南石径・十二	1				1	
1	8	1	1	927	7042		江南石径・十三	1				1	
1	7	1	1	928	7043		江南石板桥・一	1					
1	7	1	1	929	7044		江南石板桥・二	1					
1	7	1	1	930	7045		江南石板桥・三	1					
1	7	1	1	931	7046		江南石板桥・四	1					
1	7	1	1	932	7047		江南石板桥・五	1					
1	7	1	1	933	7048		江南石板桥・六	1					
1	7	1	1	934	7049		江南石板桥・七	1					
1	7	1	1	935	7050		江南石板桥・八	1					
1	7	1	1	936	7051		江南石板桥・九	1					
1	7	1	1	937	7052		江南石板桥・十	1					
1	7	1	1	938	7053		江南石板桥・十一	1					
1	5	2	1	36	229		矮门	1				0	
1	5	2	1	37	230		鸱吻门	1				0	
1	5	2	1	38	231		影月门	1				0	
1	5	2	1	1874	9089		垂砻	1					
1	5	2	1	939	7054		江南粉墙・一	1					
1	5	2	1	940	7055		江南粉墙・二	1					
1	5	2	1	941	7056		江南粉墙・三	1					
1	5	2	1	942	7057		江南粉墙・四	1					
1	5	2	1	943	7058		江南粉墙・五	1					
1	5	2	1	944	7059		江南粉墙・六	1					
1	5	2	1	945	7060		江南粉墙・七	1					
1	5	2	1	946	7061		江南粉墙・八	1					
1	5	2	1	1412	8058		江南粉墙・九	1					
1	5	2	1	951	7066		江南粉墙・十	1					
1	5	2	1	952	7067		江南粉墙・十一	1					
1	5	2	1	950	7065		江南粉墙・十二	1					
1	5	5	1	954	7069		江南径墙・一	2					
1	5	5	1	955	7070		江南径墙・二	2					
1	5	5	1	956	7071		江南径墙・三	2					
1	5	5	1	957	7072		江南径墙・四	2					
1	5	5	1	958	7073		江南径墙・五	2					
1	5	5	1	959	7074		江南径墙・六	2					
1	5	5	1	39	238		江南径门・一	2					
1	5	5	1	966	7081		江南径门・二	2					
1	5	5	1	953	7068		江南径门・三	2					
1	5	5	1	960	7075		江南径墙・七	2					
1	5	5	1	961	7076		江南径墙・八	2					
1	5	5	1	962	7077		江南径墙・九	2					
1	5	5	1	963	7078		江南径墙・十	2					
1	5	5	1	964	7079		江南径墙・十一	2					
1	5	5	1	965	7080		江南径墙・十二	2					
1	5	5	1	968	7083		江南径墙・十三	2					
1	5	5	1	969	7084		江南径墙・十四	2					
1	5	5	1	971	7086		江南径墙・十五	2					
1	5	5	1	972	7087		江南径墙・十六	2					
1	5	5	1	970	7085		江南径墙・十七	2					
1	5	5	1	973	7088		江南径墙・十八	2					
9	3	0	1	974	7090		4x4米	1				0	
9	3	0	1	975	7091		8x8米	1				0	
9	3	0	1	976	7092		10x10米	1				0	
9	3	0	1	977	7093		15x15米	1				0	
3	10	0	1	1194	27	2	蓼花地墁・连	4				1	
3	10	0	1	1194	7676		蓼花地墁	4		0.5;1.2		1	1
3	10	0	1	1880	28	2	黄花地墁・连	1				1	
3	10	0	1	1880	9096		黄花地墁	1		0.5;1.2		1	1
3	10	0	1	1882	30	2	蓝花地墁・连	2				1	
3	10	0	1	1882	9098		蓝花地墁	2		0.5;1.2		1	1
3	10	0	1	1883	31	2	粉花地墁・连	2				1	
3	10	0	1	1883	9099		粉花地墁	2		0.5;1.2		1	1
3	10	0	1	1884	32	2	白茅地墁・连	1				1	
3	10	0	1	1884	9100		白茅地墁	1		0.5;1.2		1	1
3	10	0	1	1196	33	2	青茅地墁・连	1				1	
3	10	0	1	1196	7678		青茅地墁	1		0.5;1.2		1	1
3	10	0	1	1885	34	2	白菊地墁・连	3				1	
3	10	0	1	1885	9101		白菊地墁	3		0.5;1.2		1	1
3	10	0	1	1886	35	2	m浆地墁・连	2				1	
3	10	0	1	1886	9102		m浆地墁	2		0.5;1.2		1	1
3	10	0	1	1887	36	2	兰草地墁・连	3				1	
3	10	0	1	1887	9103		兰草地墁	3		0.5;1.2		1	1
3	8	0	1	982	7095		碧玉之隅	3				0	
3	8	0	1	983	7096		天竺三叠	2				0	
3	8	0	1	984	7097		罗浮独笋假山	2				0	
3	8	0	1	985	7098		太湖独笋假山	2				0	
3	8	0	1	986	7099		樟香旧愿	4				0	
3	8	0	1	987	7100		苦楝秋荫	2				0	
3	8	0	1	988	7101		古榕净思	4				0	
3	8	0	1	989	7102		二月鲜・天竺石	2				0	
3	8	0	1	990	7103		二月鲜・罗浮石	2				0	
4	10	0	1	994	7107		茅厕	2				0	
3	8	0	1	995	7108		罗浮青扶疏井阑	3				0	
3	8	0	1	996	7109		罗浮问名卜井阑	3				0	
3	5	1	1	999	7112		西湖荷花・一	2		0.5;1.2		1	
3	5	1	1	1000	7113		西湖荷花・二	3		0.5;1.2		1	
3	5	1	1	1001	7114		西湖荷花・三	4		0.5;1.2		1	
3	2	3	1	1002	7115		常春藤・一	2		0.5;1.2		1	
3	2	3	1	1003	7116		常春藤・二	2		0.5;1.2		1	
3	2	3	1	1004	7117		常春藤・三	2		0.5;1.2		1	
3	5	0	1	1005	7118		池生蓼花	1		0.5;1.2		1	
3	3	6	1	1006	7119		秦岭毛蕨・一	1		0.5;1.2		1	
3	3	6	1	1007	7120		秦岭毛蕨・二	1		0.5;1.2		1	
3	3	6	1	1008	7121		秦岭毛蕨・三	1		0.5;1.2		1	
3	3	6	1	1009	7122		秦岭毛蕨・四	1		0.5;1.2		1	
3	1	0	1	1010	7123		落花茵・六	1				1	
3	3	0	1	1011	7124		长生玉簪	1		0.5;1.2		1	
3	12	0	1	1012	7125		巫山置石・一	2				1	
3	12	0	1	1013	7126		巫山置石・二	2				1	
3	12	0	1	1014	7127		巫山置石・三	2				1	
3	12	0	1	1015	7128		巫山置石・四	2				1	
3	12	0	1	1016	7129		巫山置石・五	2				1	
3	12	0	1	1017	7130		巫山置石・六	2				1	
3	12	0	1	1018	7131		天竺石笋・一	3				1	
3	12	0	1	1019	7132		罗浮石笋・一	3				1	
3	12	0	1	1020	7133		天竺置石・一	1				1	
3	12	0	1	1021	7134		天竺置石・二	1				1	
2	15	0	1	1023	7136		罗浮石棋局	2				1	
3	11	0	1	1024	7137		竹伞	2				1	
3	11	0	1	1025	7138		东瀛文立牌	2				1	
1	12	1	1	1488	40	2	梵意石栏杆・连	1					
1	12	4	1	1489	41	2	汉白石栏杆・连	2					
1	12	3	1	1490	42	2	翠泠竹篱・连	2					
1	12	2	1	1492	44	2	柴篱・连	4					
1	12	14	1	1540	49	2	箦竹篱・连	3					
1	12	10	1	1541	50	2	杂色竹篱・连	1					
1	12	6	1	1542	51	2	平江石栏杆・连	3					
1	12	8	1	1796	63	2	青竹篱・连	1					
1	12	11	1	1797	64	2	猗竹篱・连	2					
1	12	18	1	1798	65	2	淇竹篱・连	1					
1	12	7	1	1799	66	2	浅芜柴篱・连	1					
1	12	1	1	1458	8196		梵意石栏杆・一	1				0	
1	12	1	1	1459	8197		梵意石栏杆・二	1				0	
1	12	1	1	1460	8198		梵意石栏杆・三	1				0	
1	12	1	1	1461	8199		梵意石栏杆・四	1				0	
1	12	1	1	1462	8200		梵意石栏杆・五	1				0	
1	12	1	1	1463	8201		梵意石栏杆・六	1				0	
1	12	4	1	1464	8202		汉白石栏杆・一	2				0	
1	12	4	1	1465	8203		汉白石栏杆・二	2				0	
1	12	4	1	1466	8204		汉白石栏杆・三	2				0	
1	12	4	1	1467	8205		汉白石栏杆・四	2				0	
1	12	4	1	1468	8206		汉白石栏杆・五	2				0	
1	12	4	1	1469	8207		汉白石栏杆・六	2				0	
1	12	3	1	1470	8208		翠泠竹篱・一	2				0	
1	12	3	1	1471	8209		翠泠竹篱・二	2				0	
1	12	3	1	1472	8210		翠泠竹篱・三	2				0	
1	12	3	1	1473	8211		翠泠竹篱・四	2				0	
1	12	3	1	1474	8212		翠泠竹篱・五	2				0	
1	12	3	1	1475	8213		翠泠竹篱・六	2				0	
1	8	2	1	1476	8214		目雷纹石径・一	2				1	
1	8	2	1	1477	8215		目雷纹石径・二	2				1	
1	8	2	1	1478	8216		目雷纹石径・三	2				1	
1	8	2	1	1479	8217		目雷纹石径・四	2				1	
1	8	2	1	1480	8218		目雷纹石径・五	2				1	
1	8	2	1	1481	8219		目雷纹石径・六	2				1	
1	12	2	1	1211	7693		柴篱・一	4					
1	12	2	1	1482	8220		柴篱・二	4				0	
1	12	2	1	1213	7695		柴篱・三	4					
1	12	2	1	1483	8221		柴篱・四	4				0	
1	12	2	1	1484	8222		柴篱・五	4				0	
1	12	2	1	1485	8223		柴篱・六	4				0	
1	12	2	1	1486	8224		柴篱・七	4				0	
1	12	2	1	1487	8225		柴篱・八	4				0	
1	12	14	1	1521	8251		箦竹篱・一	3					
1	12	14	1	1522	8252		箦竹篱・二	3					
1	12	14	1	1523	8253		箦竹篱・三	3					
1	12	14	1	1524	8254		箦竹篱・四	3					
1	12	14	1	1525	8255		箦竹篱・五	3					
1	12	14	1	1526	8256		箦竹篱・六	3					
1	12	10	1	1527	8257		杂色竹篱・一	1					
1	12	10	1	1528	8258		杂色竹篱・二	1					
1	12	10	1	1529	8259		杂色竹篱・三	1					
1	12	10	1	1530	8260		杂色竹篱・四	1					
1	12	10	1	1531	8261		杂色竹篱・五	1					
1	12	10	1	1532	8262		杂色竹篱・六	1					
1	12	6	1	1533	8263		平江石栏杆・一	3					
1	12	6	1	1534	8264		平江石栏杆・二	3					
1	12	6	1	1535	8265		平江石栏杆・三	3					
1	12	6	1	1536	8266		平江石栏杆・四	3					
1	12	6	1	1537	8267		平江石栏杆・五	3					
1	12	6	1	1538	8268		平江石栏杆・六	3					
3	11	0	1	1034	7147		一捆柴禾	1				1	
2	19	0	1	1035	7148		大桶清水	1				1	
3	3	0	1	1036	7149		南瓜・秧	1		0.5;1.2		1	
3	11	0	1	1037	7150		野蔷薇矮架	2				1	
3	11	0	1	1038	7151		矮茄架	2				1	
3	11	0	1	1039	7152		黄瓜矮架	1				1	
4	10	0	1	1040	7153		水井	3	1			0	
3	3	0	1	1060	7173		枯枫枝	1		0.5;1.2		1	
3	11	0	1	1061	7174		青竹仿杓	2				1	
3	3	5	1	1062	7175		芋苗	1		0.5;1.2		1	
1	12	16	1	1063	7176		卞山石栏杆・一	1					
1	12	16	1	1064	7177		卞山石栏杆・二	1					
2	19	0	1	1065	7178		木桶・四	1				1	
2	19	0	1	1066	7179		一盆沃土	1				1	
3	12	0	1	1067	7180		太湖石笋・一	2				1	
3	12	0	1	1068	7181		太湖石笋・二	2				1	
3	12	0	1	1069	7182		太湖石笋・三	2				1	
3	12	0	1	1182	7295		碎石・一	1				1	
3	12	0	1	1183	7296		碎石・二	1				1	
3	12	0	1	1184	7297		碎石・三	1				1	
3	12	0	1	1229	7711		碎石・四	1				1	
3	12	0	1	1041	7154		碎石・五	1				1	
3	12	0	1	1042	7155		碎石・六	1				1	
1	8	3	1	1496	8226		太湖石径・一	3				1	
1	8	3	1	1497	8227		太湖石径・二	3				1	
1	8	3	1	1498	8228		太湖石径・三	3				1	
1	8	3	1	1499	8229		太湖石径・四	3				1	
1	8	3	1	1500	8230		太湖石径・五	3				1	
1	8	3	1	1501	8231		太湖石径・六	3				1	
1	8	3	1	1514	8244		太湖石径・回	3				1	
3	12	0	1	1052	7165		天竺石围	3				1	
3	12	0	1	1053	7166		天竺石阑	3				1	
2	5	0	1	1054	7167		蕉叶酒胡椅	3				1	
3	8	0	1	1055	7168		贞娘怨	2				0	
2	19	0	1	1056	7169		石碾盘	3				1	
1	8	0	1	1057	7170		青石小径・一	2				1	
3	12	0	1	1058	7171		碎石・七	1				1	
3	12	0	1	1059	7172		碎石・八	1				1	
3	12	0	1	1070	7183		碎石・九	1				1	
2	19	0	1	1071	7184		陶缶	1				1	
2	20	0	1	1072	7185		麻绳挂幔	1				1	
1	12	9	1	1083	7196		林虑石栏杆・一	1					
1	12	9	1	1084	7197		林虑石栏杆・二	1					
3	12	0	1	1198	7680		罗浮置石・七	1				1	
3	12	0	1	1199	7681		罗浮置石・八	1				1	
3	12	0	1	1073	7186		罗浮置石・九	1				1	
3	12	0	1	1074	7187		罗浮置石・十	1				1	
3	11	0	1	1075	7188		竹影蔽	1				1	
3	12	0	1	1076	7189		罗浮石笋・三	2				1	
3	12	0	1	1077	7190		残缺石柱	1				1	
2	19	0	1	1079	7192		几篓野蔷薇	1				1	
3	11	0	1	1080	7193		晾衣架・一	1				1	
2	19	0	1	1081	7194		蔑编竹篮・一	1				1	
2	19	0	1	1082	7195		瓠勺	2				1	
3	11	0	1	1089	7202		茅草堆・一	1				1	
3	11	0	1	1091	7204		茅草堆・二	1				1	
3	11	0	1	1092	7205		两束柴禾	1				1	
2	20	0	1	1093	7206		竹竿	1				1	
3	11	0	1	1094	7207		茶笼竹篱	2				1	
3	11	0	1	1095	7208		铁锹	1				1	
2	20	0	1	1096	7209		木爬架	1				1	
2	11	0	1	1097	7210		锡灯笼	2	1	0.5;1.2		1	
2	19	0	1	1098	7211		板车	2				1	
3	11	0	1	1101	7214		茶簸箩	3				1	
3	11	0	1	1102	7215		蚕架	3				1	
1	9	1	1	1494	46	2	平江石地墁・连	1					
1	9	1	1	1502	8232		平江石地墁・一	1				1	
1	9	1	1	1503	8233		平江石地墁・二	1				1	
1	9	1	1	1504	8234		平江石地墁・三	1				1	
1	9	1	1	1505	8235		平江石地墁・四	1				1	
1	9	1	1	1506	8236		平江石地墁・五	1				1	
1	9	1	1	1507	8237		平江石地墁・六	1				1	
1	9	2	1	1495	47	2	兖石地墁・连	2					
1	9	2	1	1508	8238		兖石地墁・一	2				1	
1	9	2	1	1509	8239		兖石地墁・二	2				1	
1	9	2	1	1510	8240		兖石地墁・三	2				1	
1	9	2	1	1511	8241		兖石地墁・四	2				1	
1	9	2	1	1512	8242		兖石地墁・五	2				1	
1	9	2	1	1513	8243		兖石地墁・六	2				1	
1	9	3	1	1539	48	2	零陵石地墁・连	3					
1	9	3	1	1515	8245		零陵石地墁・一	3				1	
1	9	3	1	1516	8246		零陵石地墁・二	3				1	
1	9	3	1	1517	8247		零陵石地墁・三	3				1	
1	9	3	1	1518	8248		零陵石地墁・四	3				1	
1	9	3	1	1519	8249		零陵石地墁・五	3				1	
1	9	3	1	1520	8250		零陵石地墁・六	3				1	
1	9	3	1	1106	7219		零陵石地墁・微	3				1	
2	19	0	1	1108	7221		琉球清酒	1				1	
3	12	0	1	1109	7222		太湖石笋・四	2				1	
2	11	0	1	1110	7223		长系锡灯笼	2	1	0.5;1.2		1	
2	11	0	1	1111	7224		三叠锡灯笼	2	1	0.5;1.2		1	
3	12	0	1	1112	7225		天竺置石・一	1				1	
3	12	0	1	1113	7226		天竺置石・二	1				1	
3	12	0	1	1114	7227		天竺置石・三	1				1	
3	12	0	1	1115	7228		天竺石笋	2				1	
3	6	0	1	1116	7229		罗浮石仿望楼灯	1	1			1	
3	3	5	1	1117	7230		芋苗・二	1		0.5;1.2		1	
3	3	5	1	1118	7231		芋苗・三	1		0.5;1.2		1	
3	12	0	1	1119	7232		罗浮置石・一	1				1	
3	12	0	1	1120	7233		罗浮置石・二	1				1	
3	12	0	1	1121	7234		罗浮置石・三	1				1	
1	8	0	1	1122	7235		柴径・一	1				1	
3	3	0	1	1123	7236		灌种辛夷	2		0.5;1.2		1	
3	12	0	1	1124	7237		罗浮石柱・一	3				1	
3	12	0	1	1126	7239		罗浮石笋・二	3				1	
1	8	4	1	1130	7243		罗浮石径・一	1				1	
2	15	0	1	1131	7244		数联经卷	1		0.5;1.2		1	
2	15	0	1	1132	7245		彩画山水瓮	1				1	
2	4	0	1	1133	7246		桑木榻足几	1				1	
2	19	0	1	1134	7247		木桶・二	1				1	
2	20	0	1	1136	7249		桑木旗杆	1				1	
3	11	0	1	1137	7250		颓圮桑木架	1				1	
3	11	0	1	1138	7251		葡萄架	2				1	
2	16	0	1	1140	7253		《蒹葭》诗卷	1		0.5;1.2		1	
2	19	0	1	1141	7254		一盆蓼蓝	1				1	
2	16	0	1	1142	7255		錾群鹭罗浮石	2		0.5;1.2		1	
2	19	0	1	1143	7256		小桶清水	2				1	
2	19	0	1	1144	7257		耙子	1				1	
2	19	0	1	1145	7258		铁锹・二	1				1	
2	19	0	1	1146	7259		锄头・一	1				1	
3	11	0	1	1147	7260		马槽	1				1	
2	19	0	1	1148	7261		石药臼	1				1	
2	19	0	1	1149	7262		立地钓竿	1				1	
2	15	0	1	1150	7263		天竺石棋局	2				1	
2	19	0	1	1151	7264		木桶・三	1				1	
2	19	0	1	1152	7265		素烹莲花白	1				1	
2	19	0	1	1153	7266		樱桃肉	1				1	
2	15	0	1	1154	7267		陶卧炉	1		0.5;1.2		1	
2	15	0	1	1155	7268		宜兴点茶组器	4				1	
2	15	0	1	1156	7269		紫笋煎茶组器	4				1	
3	11	0	1	1158	7271		晾衣架・二	1				1	
2	19	0	1	1159	7272		一斗清水	2				1	
2	20	0	1	1160	7273		桑木原材	1				1	
2	19	0	1	1161	7274		时令食材橱	2				1	
2	19	0	1	1162	7275		一竿鲜鱼	2				1	
3	3	0	1	1163	7276		南瓜・瓜	1		0.5;1.2		1	
3	11	0	1	1164	7277		晾衣架・三	2				1	
3	11	0	1	1165	7278		晾衣架・四	1				1	
3	11	0	1	1166	7279		晾衣架・五	1				1	
3	11	0	1	1167	7280		晾衣架・六	1				1	
2	19	0	1	1168	7281		石谷舂	1				1	
2	19	0	1	1169	7282		时令蔬菜架	2				1	
2	15	0	1	1170	7283		闲书	1		0.5;1.2		1	
2	15	0	1	1171	7284		素简	1		0.5;1.2		1	
2	15	0	1	1172	7285		木根茶函几	3				1	
2	15	0	1	1173	7286		杂集数卷	1		0.5;1.2		1	
2	20	0	1	1174	7287		小木踏	1				1	
2	16	0	1	1175	7288		吴绫装山水图	1		0.5;1.2		1	
2	16	0	1	1176	7289		吴绫装大君子图	1		0.5;1.2		1	
2	4	0	1	1177	7290		铜平脱秫酒案	1				1	
2	15	0	1	1178	7291		赤漆桑木棋局	3				1	
3	3	0	1	1179	7292		栀子藤	1		0.5;1.2		1	
3	11	0	1	1180	7293		黄杨根	3				1	
2	4	0	1	1181	7294		赤漆台案	1				1	
3	12	0	1	1185	7298		罗浮石阑・一	3				1	
3	12	0	1	1186	7299		罗浮石阑・二	3				1	
3	12	0	1	1187	7300		巫山石笋・一	2				1	
3	12	0	1	1188	7301		巫山石笋・二	2				1	
3	12	0	1	1189	7302		巫山石笋・三	2				1	
3	12	0	1	1190	7303		罗浮置石・四	1				1	
3	12	0	1	1191	7304		罗浮置石・五	1				1	
3	12	0	1	1192	7305		罗浮置石・六	1				1	
3	12	0	1	1193	7306		天竺置石・四	1				1	
3	12	0	1	1197	7679		罗浮石笋・一	2				1	
3	12	0	1	1200	7682		天竺置石・五	1				1	
3	12	0	1	1201	7683		天竺置石・六	1				1	
3	6	0	1	1202	7684		巫山石灯	2				1	
3	6	0	1	1203	7685		青石灯	1	1			1	
3	6	0	1	1204	7686		榧木灯檠	1	1			1	
3	6	0	1	1205	7687		素髹桑木灯檠	1	1			1	
3	12	0	1	1209	7691		罗浮石柱・二	3				1	
3	7	0	1	1210	7692		石牌	1					
1	8	4	1	1219	7701		罗浮石径・二	1				1	
1	8	4	1	1224	7706		罗浮石径・三	1				1	
1	8	4	1	1225	7707		罗浮石径・四	1				1	
1	8	4	1	1226	7708		罗浮石径・五	1				1	
1	8	4	1	1227	7709		罗浮石径・六	1				1	
1	8	4	1	1228	7710		罗浮石径・七	1				1	
1	12	5	1	1043	7156		卷草石栏杆・一	1					
1	12	5	1	1044	7157		卷草石栏杆・二	1					
1	12	5	1	1045	7158		卷草石栏杆・三	1					
1	12	5	1	1046	7159		卷草石栏杆・四	1					
1	12	5	1	1047	7160		卷草石栏杆・五	1					
3	1	0	1	1233	7715		落花茵・一	1		0.5;1.2		1	
3	1	0	1	1234	7716		落花茵・二	1		0.5;1.2		1	
3	1	0	1	1235	7717		落花茵・三	1		0.5;1.2		1	
3	1	0	1	1236	7718		落花茵・四	1		0.5;1.2		1	
3	1	0	1	1237	7719		落花茵・五	1		0.5;1.2		1	
3	3	6	1	1238	7720		秦岭毛蕨・五	1		0.5;1.2		1	
3	3	6	1	1239	7721		秦岭毛蕨・六	1		0.5;1.2		1	
3	3	6	1	1240	7722		秦岭毛蕨・七	1		0.5;1.2		1	
3	2	3	1	1241	7723		常春藤・四	2		0.5;1.2		1	
3	2	3	1	1242	7724		常春藤・五	2		0.5;1.2		1	
3	2	3	1	1243	7725		常春藤・六	2		0.5;1.2		1	
3	2	3	1	1244	7726		常春藤・七	2		0.5;1.2		1	
3	2	8	1	1245	7727		青叶绿萝・一	2		0.5;1.2		1	
3	2	8	1	1246	7728		青叶绿萝・二	2		0.5;1.2		1	
3	2	8	1	1247	7729		青叶绿萝・三	2		0.5;1.2		1	
3	5	1	1	1248	7730		西湖荷花・四	2		0.5;1.2		1	
3	5	0	1	1249	7731		水苏浮萍	3		0.5;1.2		1	
3	3	0	1	1250	7732		扁竹兰	1		0.5;1.2		1	
3	3	0	1	1251	7733		千年健	1		0.5;1.2		1	
3	3	6	1	1252	7734		秦岭毛蕨・八	1		0.5;1.2		1	
3	3	0	1	1253	7735		白菜苗	1		0.5;1.2		1	
3	3	0	1	1254	7736		一片南瓜藤	2		0.5;1.2		1	
2	10	0	1	1255	7835		间关莺语灯檠	4	1			1	
1	5	3	1	1264	68	2	绿竹墙・连	1					
1	5	3	1	1264	7850		绿竹墙・一	1					
1	5	3	1	1265	7851		绿竹墙・二	1					
1	5	3	1	1266	7852		绿竹墙・三	1					
1	5	3	1	1267	7853		绿竹墙・四	1					
1	5	3	1	1268	7854		绿竹墙・五	1					
1	5	3	1	1269	7855		绿竹墙・六	1					
1	5	3	1	1270	7856		绿竹墙・七	1					
1	5	3	1	1271	7857		绿竹墙・八	1					
1	5	6	1	1272	69	2	蕉叶竹墙・连	3					
1	5	6	1	1272	7858		蕉叶竹墙・一	3					
1	5	6	1	1273	7859		蕉叶竹墙・二	3					
1	5	6	1	1274	7860		蕉叶竹墙・三	3					
1	5	6	1	1833	9031		蕉叶竹墙・四	3					
1	5	6	1	1275	7861		蕉叶竹墙・五	3					
1	5	6	1	1276	7862		蕉叶竹墙・六	3					
1	5	6	1	1277	7863		蕉叶竹墙・七	3					
1	5	6	1	1278	7864		蕉叶竹墙・八	3					
1	5	6	1	1279	7865		蕉叶竹墙・九	3					
1	5	6	1	1280	7866		蕉叶竹墙・十	3					
1	5	6	1	1281	7867		蕉叶竹墙・十一	3					
1	12	12	1	1286	70	2	楠竹篱・连	2					
1	12	12	1	1283	7869		楠竹篱・一	2					
1	12	12	1	1284	7870		楠竹篱・二	2					
1	12	12	1	1285	7871		楠竹篱・三	2					
1	12	12	1	1286	7872		楠竹篱・四	2					
1	12	12	1	1287	7873		楠竹篱・五	2					
1	12	12	1	1288	7874		楠竹篱・六	2					
1	12	12	1	1290	7876		楠竹篱・七	2					
1	12	12	1	1289	7875		楠竹篱・八	2					
1	12	12	1	1282	7868		楠竹篱・九	2					
3	4	0	1	1295	7881		黄花石榴苗	1					
3	3	0	1	1296	7882		润州莫干山修竹	2		0.5;1.2		1	
3	3	0	1	1297	7883		丛生广陵幼竹	3		0.5;1.2		1	
3	3	0	1	1298	7884		湖湘高竹	3		0.5;1.2		1	
3	4	0	1	1299	7885		斜生巴陵桃花	4					
3	4	3	1	1301	7887		太白山劲柏・一	1					
3	4	3	1	1302	7888		太白山劲柏・二	1					
3	4	3	1	1304	7890		太白山劲柏・三	1					
3	4	3	1	1305	7891		太白山劲柏・四	1					
3	4	0	1	1306	7892		夏生青叶榆树	1					
3	4	0	1	1308	7894		丛生大叶榆	1					
3	4	0	1	1309	7895		秋生黄叶女贞	1					
3	4	0	1	1311	7897		海陵樱花	4					
3	4	4	1	1312	7898		树生紫藤・一	2		0.5;1.2			
3	3	0	1	1313	7899		宣城拔笋竹	3				1	
3	4	0	1	1314	7900		曲干十七龄梨花	4					
3	4	0	1	1315	7901		曲干初秋生槭树	3					
3	4	0	1	1316	7902		树生青扶疏	1					
3	4	0	1	1317	7903		六龄小叶榕	1					
3	4	4	1	1318	7904		树生紫藤・二	2					
3	1	0	1	1321	7907		白花蓍草	3		0.5;1.2		1	
3	1	0	1	1322	7908		射干	3		0.5;1.2		1	
3	1	0	1	1323	7909		灌芙蓉	3		0.5;1.2		1	
3	1	0	1	1324	7910		紫花地丁	3		0.5;1.2		1	
3	1	0	1	1325	7911		粉色野花	3		0.5;1.2		1	
3	1	0	1	1326	7912		白玉簪	2		0.5;1.2		1	
3	1	0	1	1327	7913		蓝色野花	1		0.5;1.2		1	
3	1	0	1	1328	7914		黄色野花	1		0.5;1.2		1	
3	1	0	1	1329	7915		橙色野花	1		0.5;1.2		1	
3	2	1	1	1330	7916		薜荔・五	2		0.5;1.2		1	
3	4	4	1	1331	7917		树生紫藤・三	2		0.5;1.2			
3	2	9	1	1332	7918		紫藤・七	3		0.5;1.2		1	
3	2	9	1	1333	7919		紫藤・八	3		0.5;1.2		1	
3	2	9	1	1334	7920		紫藤・九	2		0.5;1.2		1	
3	2	9	1	1335	7921		紫藤・十	3		0.5;1.2		1	
3	2	9	1	1336	7922		紫藤・十一	3		0.5;1.2		1	
3	2	9	1	1337	7923		紫藤・十二	3		0.5;1.2		1	
3	2	9	1	1338	7924		紫藤・十三	3		0.5;1.2		1	
3	2	9	1	1339	7925		紫藤・十四	3		0.5;1.2		1	
3	2	10	1	1340	7926		青藤・三	1		0.5;1.2		1	
3	2	11	1	1341	7927		野橘藤・二	1		0.5;1.2		1	
3	2	9	1	1342	7928		紫藤・十五	3		0.5;1.2		1	
3	2	9	1	1343	7929		紫藤・十六	3		0.5;1.2		1	
3	3	2	1	1344	7930		蔷薇・五	3		0.5;1.2		1	
3	2	0	1	1345	7931		荆藤	1		0.5;1.2		1	
3	3	0	1	1346	7932		蓬蒿丛	1		0.5;1.2		1	
3	3	7	1	1347	7933		太白毛蕨・一	2		0.5;1.2		1	
3	3	7	1	1348	7934		太白毛蕨・二	2		0.5;1.2		1	
3	3	7	1	1349	7935		太白毛蕨・三	2		0.5;1.2		1	
3	3	7	1	1350	7936		太白毛蕨・四	2		0.5;1.2		1	
3	3	8	1	1351	7937		沔阳野蕨・一	1		0.5;1.2		1	
3	3	8	1	1352	7938		沔阳野蕨・二	1		0.5;1.2		1	
3	3	8	1	1353	7939		沔阳野蕨・三	1		0.5;1.2		1	
3	3	8	1	1354	7940		沔阳野蕨・四	1		0.5;1.2		1	
3	3	0	1	1357	7943		薜荔苗	3		0.5;1.2		1	
3	5	9	1	1361	7947		对座草浮萍・一	2		0.5;1.2		1	
3	5	9	1	1362	7948		对座草浮萍・二	2		0.5;1.2		1	
3	5	9	1	1363	7949		对座草浮萍・三	2		0.5;1.2		1	
3	3	10	1	1364	7950		z蕨・一	3		0.5;1.2		1	
3	3	10	1	1365	7951		z蕨・二	2		0.5;1.2		1	
3	3	10	1	1366	7952		z蕨・三	2		0.5;1.2		1	
3	3	0	1	1367	7953		混栽八仙花・二	3		0.5;1.2		1	
3	3	0	1	1368	7954		混栽八仙花・一	3		0.5;1.2		1	
3	3	0	1	1369	7955		羊齿蕨・一	1		0.5;1.2		1	
3	3	0	1	1370	7956		苏铁	3		0.5;1.2		1	
3	3	3	1	1371	7957		大丛绿叶灌木三	2		0.5;1.2		1	
3	3	4	1	1372	7958		山茶树・四	1		0.5;1.2		1	
3	3	4	1	1373	7959		山茶树・三	1		0.5;1.2		1	
3	3	0	1	1374	7960		芭蕉树・一	2		0.5;1.2		1	
3	3	11	1	1375	7961		丛枝・松柏	1		0.5;1.2		1	
3	3	11	1	1376	7962		丛枝・枯松柏	1		0.5;1.2		1	
3	3	11	1	1377	7963		丛枝・蔷薇・一	2		0.5;1.2		1	
3	3	11	1	1378	7964		丛枝・蔷薇・二	2		0.5;1.2		1	
3	3	11	1	1379	7965		丛枝・黄杨・一	2		0.5;1.2		1	
3	3	11	1	1380	7966		丛枝・黄杨・二	2		0.5;1.2		1	
3	3	11	1	1381	7967		丛枝・菩提木・一	2		0.5;1.2		1	
3	3	11	1	1382	7968		丛枝・菩提木・二	2		0.5;1.2		1	
3	3	11	1	1383	7969		丛枝・菩提木・三	2		0.5;1.2		1	
3	3	11	1	1384	7970		丛枝・菩提木・四	2		0.5;1.2		1	
3	3	12	1	1385	7971		芦苇・一	2		0.5;1.2		1	
3	3	12	1	1386	7972		芦苇・二	2		0.5;1.2		1	
1	5	1	1	1397	8049		素帔门	4					
1	5	1	1	1394	8046		蕉叶门	4					
1	5	1	1	1389	8041		乌栅墙・一	3					
1	5	1	1	1390	8042		乌栅墙・二	3					
1	5	1	1	1391	8043		乌栅墙・三	3					
1	5	1	1	1392	8044		乌栅墙・四	3					
1	5	1	1	1393	8045		乌栅墙・五	3					
1	5	1	1	1395	8047		乌栅墙・六	3					
1	5	1	1	1396	8048		乌栅墙・七	4					
1	5	1	1	1398	8050		乌栅墙・八	4					
1	5	1	1	1399	8051		乌栅墙・九	4					
1	5	1	1	1400	8052		乌栅墙・十	4					
1	5	1	1	1387	8039		乌栅墙・十一	4					
1	5	1	1	1388	8040		乌栅墙・十二	4					
1	5	1	1	1401	8053		乌栅墙・十三	4					
1	12	0	1	1127	7240		排牙石栏杆	1					
4	5	0	1	1413	8082		葵草宠座	1	1			0	
4	5	0	1	1414	8083		桑木宠仓	3	1			0	
4	5	0	1	1415	8084		蔑编栖架	2	1			0	
4	5	0	1	1416	8085		榧木鼠@	3	1			0	
4	3	0	2	1264	5501		蓑衣	4				0	1
4	3	0	2	1265	5502		西山宝库・蓑衣	4				0	1
4	3	0	2	1267	5504		飞狐	4				0	1
4	3	0	2	1268	5505		定风波・君子如龙	4				0	1
4	3	0	2	1269	5506		定风波・苍穹之握	4				0	1
4	3	0	2	1270	5507		定风波・白虹惊天	4				0	1
4	3	0	2	1271	5508		定风波・黑枭散羽	4				0	1
4	3	0	2	1272	5509		定风波・烽火连城	4				0	1
4	3	0	2	1273	5510		定风波・离魄幽梦	4				0	1
4	3	0	2	1274	5511		蚩尤蓑	4				0	1
4	3	0	2	1275	5512		留春令・千樱乱	4				0	1
4	3	0	2	1276	5513		留春令・云叠浪	4				0	1
4	3	0	2	1277	5514		留春令・祚白翎	4				0	1
4	3	0	2	1278	5515		留春令・越沧溟	4				0	1
4	3	0	2	1279	5516		留春令・绛纱蕴	4				0	1
4	3	0	2	1280	5517		留春令・栽火莲	4				0	1
4	3	0	2	1281	5518		夏初临・霏雨延泽	4				0	1
4	3	0	2	1282	5519		夏初临・一步银华	4				0	1
4	3	0	2	1283	5520		夏初临・肆翼漆纱	4				0	1
4	3	0	2	1284	5521		夏初临・枭皇浴火	4				0	1
4	3	0	2	1285	5522		夏初临・深宵余梦	4				0	1
4	3	0	2	1286	5523		夏初临・凰尾白绫	4				0	1
4	3	0	2	1287	5524		漆夜・栽火莲	4				0	1
4	3	0	2	1288	5525		墨翎歌・逐狱	4				0	1
4	3	0	2	1289	5526		山河颂・周公御龙	4				0	1
4	3	0	2	1290	5527		山河颂・青翎翠羽	4				0	1
4	3	0	2	1291	5528		山河颂・云莲素荷	4				0	1
4	3	0	2	1292	5529		山河颂・六翼流苏	4				0	1
4	3	0	2	1293	5530		山河颂・剑意白虹	4				0	1
4	3	0	2	1294	5531		山河颂・金池观鱼	4				0	1
4	3	0	2	1295	5532		千秋岁・皎灵素媚	4				0	1
4	3	0	2	1296	5533		千秋岁・琼御孤鸾	4				0	1
4	3	0	2	1297	5534		千秋岁・钰瓣千华	4				0	1
4	3	0	2	1298	5535		千秋岁・天火流丹	4				0	1
4	3	0	2	1299	5536		千秋岁・天辉抱月	4				0	1
4	3	0	2	1300	5537		千秋岁・暗夜星辰	4				0	1
4	3	0	2	1301	5538		梅雪馨・浮刃飒沓	4				0	1
4	3	0	2	1302	5539		梅雪馨・河汉飞星	4				0	1
4	3	0	2	1303	5540		梅雪馨・红菱相忆	4				0	1
4	3	0	2	1304	5541		梅雪馨・暮紫须臾	4				0	1
4	3	0	2	1305	5542		梅雪馨・凤翎鸣冬	4				0	1
4	3	0	2	1306	5543		梅雪馨・鸿度几何	4				0	1
4	3	0	2	1307	5544		高唐云梦・青霄北斗	4				0	1
4	3	0	2	1308	5545		高唐云梦・秋渚夜雨	4				0	1
4	3	0	2	1309	5546		高唐云梦・落英解语	4				0	1
4	3	0	2	1310	5547		高唐云梦・桃源春晓	4				0	1
4	3	0	2	1311	5548		高唐云梦・锋芒傲骨	4				0	1
4	3	0	2	1312	5549		高唐云梦・兰陵幽思	4				0	1
4	3	0	2	1313	5550		宿世明光・皇穷绝封	4				0	1
4	3	0	2	1314	5551		宿世明光・血凰流火	4				0	1
4	3	0	2	1315	5552		宿世明光・月华织光	4				0	1
4	3	0	2	1316	5553		宿世明光・莹扇轻罗	4				0	1
4	3	0	2	1317	5554		宿世明光・血色惊鸿	4				0	1
4	3	0	2	1318	5555		宿世明光・紫烟薄云	4				0	1
4	3	0	2	1319	5556		金风玉露・山樱语	4				0	1
4	3	0	2	1320	5557		金风玉露・鹤梳翎	4				0	1
4	3	0	2	1321	5558		金风玉露・晴云紫氛	4				0	1
4	3	0	2	1322	5559		金风玉露・素玉鸾翔	4				0	1
4	3	0	2	1323	5560		金风玉露・澹烟生	4				0	1
4	3	0	2	1324	5561		金风玉露・青青子衿	4				0	1
4	3	0	2	1325	5562		云锦梦华・披风	4				0	1
4	3	0	2	1326	5563		九阙天影・披风	4				0	1
4	3	0	2	1327	5564		万态皆寐・黄龙乘云	4				0	1
4	3	0	2	1328	5565		万态皆寐・鎏金火凰	4				0	1
4	3	0	2	1329	5566		万态皆寐・栩栩蝶翼	4				0	1
4	3	0	2	1330	5567		万态皆寐・丛云凋雪	4				0	1
4	3	0	2	1331	5568		万态皆寐・丛云真意	4				0	1
4	3	0	2	1332	5569		万态皆寐・重缦轻罗	4				0	1
4	3	0	2	1333	5570		九阙天影・披风	4				0	1
4	3	0	2	1334	5571		高唐云梦・锋芒傲骨	4				0	1
4	3	0	2	1335	5572		大千高华・玉树琼葩	4				0	1
4	3	0	2	1336	5573		大千高华・云汉月痕	4				0	1
4	3	0	2	1337	5574		大千高华・易水寒	4				0	1
4	3	0	2	1338	5575		大千高华・蝶偶嬉尘	4				0	1
4	3	0	2	1339	5576		大千高华・紫霄凤翎	4				0	1
4	3	0	2	1340	5577		大千高华・迷星黯渊	4				0	1
4	3	0	2	1341	5578		盘龙凤舞・披风	4				0	1
4	3	0	2	1342	5579		盘龙凤舞・披风	4				0	1
4	3	0	2	1343	5580		琼树玉堂・化翼归	4				0	1
4	3	0	2	1344	5581		琼树玉堂・枝妆曲	4				0	1
4	3	0	2	1345	5582		琼树玉堂・九重冥	4				0	1
4	3	0	2	1346	5583		琼树玉堂・几度春	4				0	1
4	3	0	2	1347	5584		琼树玉堂・雨流泉	4				0	1
4	3	0	2	1348	5585		琼树玉堂・明如雪	4				0	1
4	3	0	2	1349	5586		雪啸刚风	4				0	1
4	3	0	2	1350	5587		天火之眼	4				0	1
4	3	0	2	1351	5588		沉醉东风・玲珑意	4				0	1
4	3	0	2	1352	5589		沉醉东风・透碧宵	4				0	1
4	3	0	2	1353	5590		沉醉东风・千风羽	4				0	1
4	3	0	2	1354	5591		沉醉东风・飞凰乐	4				0	1
4	3	0	2	1355	5592		沉醉东风・业火劫	4				0	1
4	3	0	2	1356	5593		沉醉东风・琼芳引	4				0	1
4	3	0	2	1357	5594		鹤影天青・披风	4				0	1
4	3	0	2	1358	5595		鹤影天青・披风	4				0	1
4	3	0	2	1359	5596		赤羽逍遥・披风	4				0	1
4	3	0	2	1360	5597		青霄浩气・披风	4				0	1
4	3	0	2	1361	5598		长虹气・氅	4				0	1
4	3	0	2	1362	5599		青云意・袍	4				0	1
4	3	0	2	1363	5600		烟雨笙歌・庭棠疏帘	4				0	1
4	3	0	2	1364	5601		烟雨笙歌・天玄御影	4				0	1
4	3	0	2	1365	5602		烟雨笙歌・沧海飞尘	4				0	1
4	3	0	2	1366	5603		烟雨笙歌・汉宫飞鸾	4				0	1
4	3	0	2	1367	5604		烟雨笙歌・古亭镜花	4				0	1
4	3	0	2	1368	5605		烟雨笙歌・征鸿点苍	4				0	1
4	3	0	2	1369	5606		天穹掠影・披风	4				0	1
4	3	0	2	1370	5607		天穹掠影・披风	4				0	1
4	3	0	2	1371	5608		北望天狼・披风	4				0	1
4	3	0	2	1372	5609		北望天狼・披风	4				0	1
4	3	0	2	1373	5610		澜云意・披风	4				0	1
4	3	0	2	1374	5611		中秋・合体披风	4				0	1
4	3	0	2	1375	5612		澜云意・披风	4				0	1
4	3	0	2	1376	5613		华焰披锦	4				0	1
4	3	0	2	1377	5614		玄天覆雪	4				0	1
4	3	0	2	1378	5615		山河入画・丹枫翊麾	4				0	1
4	3	0	2	1379	5616		山河入画・灼灼桃夭	4				0	1
4	3	0	2	1380	5617		山河入画・星河云梦	4				0	1
4	3	0	2	1381	5618		山河入画・点墨凝湘	4				0	1
4	3	0	2	1382	5619		山河入画・玄墨焰凰	4				0	1
4	3	0	2	1383	5620		山河入画・侧帽风流	4				0	1
4	3	0	2	1384	5621		楼兰遗梦・墨影	4				0	1
4	3	0	2	1385	5622		楼兰遗梦・流沙	4				0	1
4	3	0	2	1386	5623		锦堂画春・九天玄影	4				0	1
4	3	0	2	1387	5624		锦堂画春・千家烟雨	4				0	1
4	3	0	2	1388	5625		锦堂画春・瑞鹤仙羽	4				0	1
4	3	0	2	1389	5626		锦堂画春・烟雨岚山	4				0	1
4	3	0	2	1390	5627		锦堂画春・鸾歌凤舞	4				0	1
4	3	0	2	1391	5628		锦堂画春・云破月开	4				0	1
4	3	0	2	1392	5629		熔金烈风	4				0	1
4	3	0	2	1393	5630		陌上窈窕・披风	4				0	1
4	3	0	2	1394	5631		陌上窈窕・披风	4				0	1
4	3	0	2	1395	5632		染墨千秋・披风	4				0	1
4	3	0	2	1396	5633		剑歌惊月・披风	4				0	1
4	3	0	2	1397	5634		疏影幽冥・寒茫	4				0	1
4	3	0	2	1398	5635		疏影幽冥・落霄	4				0	1
4	3	0	2	1399	5636		杯酒疏风・松鹤如谦	4				0	1
4	3	0	2	1400	5637		杯酒疏风・玉棠云盏	4				0	1
4	3	0	2	1401	5638		浮屠明音・披风	4				0	1
4	3	0	2	1402	5639		碧翎叠云・披风	4				0	1
4	3	0	2	1403	5640		鲤庭授道・九纹龙	4				0	1
4	3	0	2	1404	5641		鲤庭授道・御殿樱	4				0	1
4	3	0	2	1405	5642		千秋岁・皎灵素媚	4				0	1
4	3	0	2	1406	5643		千秋岁・琼御孤鸾	4				0	1
4	3	0	2	1407	5644		千秋岁・钰瓣千华	4				0	1
4	3	0	2	1408	5645		千秋岁・天火流丹	4				0	1
4	3	0	2	1409	5646		千秋岁・天辉抱月	4				0	1
4	3	0	2	1410	5647		千秋岁・暗夜星辰	4				0	1
4	3	0	2	1411	5648		梅雪馨・浮刃飒沓	4				0	1
4	3	0	2	1412	5649		梅雪馨・河汉飞星	4				0	1
4	3	0	2	1413	5650		梅雪馨・红菱相忆	4				0	1
4	3	0	2	1414	5651		梅雪馨・暮紫须臾	4				0	1
4	3	0	2	1415	5652		梅雪馨・凤翎鸣冬	4				0	1
4	3	0	2	1416	5653		梅雪馨・鸿度几何	4				0	1
4	3	0	2	1417	5654		鲤庭授道・绯秋翠	4				0	1
4	3	0	2	1418	5655		寒杀雪尘・披风	4				0	1
4	3	0	2	1419	5656		江山浮绛・披风	4				0	1
4	3	0	2	1420	5657		九幽惑心・诡风	4				0	1
4	3	0	2	1421	5658		九幽惑心・飞寐	4				0	1
4	3	0	2	1422	5659		碧海云仙・披风	4				0	1
4	3	0	2	1423	5660		云中雪霁・披风	4				0	1
4	3	0	2	1424	5661		高唐云梦・桃源春晓	4				0	1
4	3	0	2	1425	5662		高唐云梦・锋芒傲骨	4				0	1
4	3	0	2	1426	5663		虞渊引梦・披风	4				0	1
4	3	0	2	1427	5664		日月无心・披风	4				0	1
4	3	0	2	1428	5665		血黄泉・孤鸾	4				0	1
4	3	0	2	1429	5666		血黄泉・游魄	4				0	1
4	3	0	2	1430	5667		血黄泉・炼骨	4				0	1
4	3	0	2	1431	5668		霜岱应元・披风	4				0	1
4	3	0	2	1432	5669		夜烬无声	4				0	1
4	3	0	2	1433	5670		玉振天音	4				0	1
4	3	0	2	1434	5671		残夜千里・引刃	4				0	1
4	3	0	2	1435	5672		残夜千里・墨风	4				0	1
4	3	0	2	1436	5673		残夜千里・绯辞	4				0	1
4	3	0	2	1437	5674		斩夜无常・披风	4				0	1
2	6	0	1	1422	8126		狗狗祟祟屏	4				1	
2	6	0	1	1423	8127		桃兔乐坐障	4				1	
2	5	0	1	1424	8128		帮主扶手椅	4	1			1	
2	5	0	1	1425	8129		执夷坐垫	3	1			1	1
2	5	0	1	1426	8130		市井仙酒胡椅	4				1	
2	7	0	1	1427	8131		思无邪毡	4		0.5;1.2		1	1
2	7	0	1	1429	8132		云祥寿清毡	4		0.5;1.2		1	1
2	7	0	1	1430	8133		金线影枝毡	2		0.5;1.2		1	
2	7	0	1	1431	8134		扁青染方毡	4		0.5;1.2		1	
2	7	0	1	1432	8135		染缬扇面毡	3		0.5;1.2		1	
2	7	0	1	1433	8136		方纹绫葵草席	2		0.5;1.2		1	1
2	7	0	1	1434	8137		润州绣舞筵	4		0.5;1.2		1	
2	8	0	1	1435	8138		鱼牙映园	3		0.5;1.2		1	
2	8	0	1	1436	8139		方纹绫帘・一	2		0.5;1.2		1	
2	8	0	1	1437	8140		方纹绫帘・二	2		0.5;1.2		1	
2	8	0	1	1438	8141		蓝雾海	4		0.5;1.2		1	1
2	8	0	1	1439	8142		半窗朝霞	3		0.5;1.2		1	
2	8	0	1	1440	8143		绫罗挂幔	4		0.5;1.2		1	
2	10	0	1	1441	8144		葱葱意灯檠	3	1			1	
2	10	0	1	1442	8145		扁青涂白蔷灯	3	1	0.5;1.2		1	
2	17	0	1	1443	8146		二进宫	4		0.5;1.2		1	
2	16	0	1	1445	8147		水月一望	4		0.5;1.2		1	
2	16	0	1	1446	8148		佳夕盼雨	4		0.5;1.2		1	
2	16	0	1	1447	8149		长流连・一	2		0.5;1.2		1	
2	16	0	1	1448	8150		长流连・二	2		0.5;1.2		1	
2	16	0	1	1449	8151		闲时雨・二	3		0.5;1.2		1	
2	16	0	1	1450	8152		闲时雨・一	3		0.5;1.2		1	
2	3	0	1	1451	8153		平地波澜柜	4				1	1
2	3	0	1	1452	8154		榉木柜	4				1	1
2	4	0	1	1453	8155		葵草台案	2				1	
2	4	0	1	1454	8156		葵草书案	2				1	
2	4	0	1	1455	8157		嵌涵碧石几	4				1	
2	4	0	1	1456	8158		带暖镬圆桌	1				1	1
2	17	0	1	1457	8159		九州港经瓶・莲蓬	3		0.5;1.2		1	
3	4	0	1	1300	7886		柳树	2				0	
1	6	2	1	1617	52	2	晴野连廊・连	1					
1	6	2	1	1544	8270		晴野连廊・一	1				1	
1	6	2	1	1545	8271		晴野连廊・二	1				1	
1	6	2	1	1546	8272		晴野连廊・三	1				1	
1	6	2	1	1547	8273		晴野连廊・四	1				1	
1	6	2	1	1548	8274		晴野连廊・五	1				1	
1	6	2	1	1549	8275		晴野连廊・六	1				1	
1	6	2	1	1550	8276		晴野连廊・七	1				1	
1	6	2	1	1551	8277		晴野连廊・八	1				1	
1	6	2	1	1552	8278		晴野连廊・九	1				1	
1	6	2	1	1553	8279		晴野连廊・十	1				1	
1	6	2	1	1554	8280		晴野连廊・十一	1				1	
1	6	2	1	1555	8281		晴野连廊・十二	1				1	
1	8	7	1	1618	53	2	晴野竹径・连	1					
1	8	7	1	1556	8282		晴野竹径・一	1				1	
1	8	7	1	1557	8283		晴野竹径・二	1				1	
1	8	7	1	1558	8284		晴野竹径・三	1				1	
1	8	7	1	1559	8285		晴野竹径・四	1				1	
1	8	7	1	1560	8286		晴野竹径・五	1				1	
1	8	7	1	1561	8287		晴野竹径・六	1				1	
1	8	7	1	1562	8288		晴野竹径・七	1				1	
1	8	7	1	1563	8289		晴野竹径・八	1				1	
1	8	7	1	1564	8290		晴野竹径・九	1				1	
1	8	7	1	1565	8291		晴野竹径・十	1				1	
1	8	7	1	1566	8292		晴野竹径・十一	1				1	
1	8	7	1	1567	8293		晴野竹径・十二	1				1	
1	8	7	1	1568	8294		晴野竹径・十三	1				1	
1	7	2	1	1619	54	2	晴野竹桥・连	1					
1	7	2	1	1569	8295		晴野竹桥・一	1				1	
1	7	2	1	1570	8296		晴野竹桥・二	1				1	
1	7	2	1	1571	8297		晴野竹桥・三	1				1	
1	7	2	1	1572	8298		晴野竹桥・四	1				1	
1	7	2	1	1573	8299		晴野竹桥・五	1				1	
1	7	2	1	1574	8300		晴野竹桥・六	1				1	
1	7	2	1	1575	8301		晴野竹桥・七	1				1	
1	7	2	1	1576	8302		晴野竹桥・八	1				1	
1	7	2	1	1577	8303		晴野竹桥・九	1				1	
1	7	2	1	1578	8304		晴野竹桥・十	1				1	
1	7	2	1	1579	8305		晴野竹桥・十一	1				1	
1	5	4	1	1620	55	2	晴野木墙・连	1					
1	5	4	1	1588	8314		晴野矮门	1				1	
1	5	4	1	1589	8315		晴野鸱吻门	1				1	
1	5	4	1	1590	8316		晴野影月门	1				1	
1	5	4	1	1580	8306		晴野木墙・一	1				1	
1	5	4	1	1581	8307		晴野木墙・二	1				1	
1	5	4	1	1582	8308		晴野木墙・三	1				1	
1	5	4	1	1583	8309		晴野木墙・四	1				1	
1	5	4	1	1584	8310		晴野木墙・五	1				1	
1	5	4	1	1585	8311		晴野木墙・六	1				1	
1	5	4	1	1586	8312		晴野木墙・七	1				1	
1	5	4	1	1587	8313		晴野木墙・八	1				1	
1	5	4	1	1592	8318		晴野木墙・九	1				1	
1	5	4	1	1591	8317		晴野木墙・十	1				1	
1	5	4	1	1593	8319		晴野木墙・十一	1				1	
1	5	4	1	1594	8320		晴野木墙・十二	1				1	
1	5	7	1	1595	8321		晴野径墙・一	2				1	
1	5	7	1	1609	8335		晴野径门	2				1	
1	5	7	1	1596	8322		晴野径墙・二	2				1	
1	5	7	1	1597	8323		晴野径墙・三	2				1	
1	5	7	1	1598	8324		晴野径墙・四	2				1	
1	5	7	1	1599	8325		晴野径墙・五	2				1	
1	5	7	1	1600	8326		晴野径墙・六	2				1	
1	5	7	1	1601	8327		晴野径墙・七	2				1	
1	5	7	1	1602	8328		晴野径墙・八	2				1	
1	5	7	1	1603	8329		晴野径墙・九	2				1	
1	5	7	1	1604	8330		晴野径墙・十	2				1	
1	5	7	1	1605	8331		晴野径墙・十一	2				1	
1	5	7	1	1606	8332		晴野径墙・十二	2				1	
1	5	7	1	1607	8333		晴野径墙・十三	2				1	
1	5	7	1	1610	8336		晴野径墙・十四	2				1	
1	5	7	1	1611	8337		晴野径墙・十五	2				1	
1	5	7	1	1613	8339		晴野径墙・十六	2				1	
1	5	7	1	1614	8340		晴野径墙・十七	2				1	
1	5	7	1	1615	8341		晴野径墙・十八	2				1	
1	5	7	1	1616	8342		晴野径墙・十九	2				1	
1	5	7	1	1608	8334		晴野径墙・廿	2				1	
1	5	7	1	1612	8338		晴野径墙・廿一	2				1	
1	1	0	1	1622	8343		晴野茅檐楼	2				0	
1	1	0	1	1623	8344		晴野广庭楼	4				0	
1	1	0	1	1624	8345		晴野华檐楼	4				0	
1	1	0	1	1625	8346		晴野茅檐馆	3				0	
1	1	0	1	1626	8347		晴野华檐阕	4				0	
1	2	0	1	1627	8348		晴野西厢	2				0	
1	2	0	1	1628	8349		晴野东厢	2				0	
1	1	0	1	1629	8350		晴野月门馆	1				0	
1	1	0	1	1630	8351		晴野仓楼	1				0	
1	1	0	1	1631	8352		晴野院庭	1				0	
1	2	0	1	1632	8353		晴野堂馆	1				0	
1	2	0	1	1633	8354		晴野开轩馆	1				0	
1	1	0	1	1634	8355		晴野帖木皮馆	1				0	
1	3	0	1	1636	8357		晴野风亭	2				0	
1	3	0	1	1637	8358		晴野琴亭	2				0	
1	1	0	1	1638	8359		晴野花楹别业	3				0	
1	1	0	1	1639	8360		晴野广庭别业	2				0	
1	1	0	1	1640	8361		晴野帖柱别业	2				0	
1	1	0	1	1641	8362		晴野隐椽馆	1				0	
1	1	0	1	1642	8363		晴野雕枋楼	1				0	
1	1	0	1	1643	8364		晴野雁翅楼	2				0	
1	1	0	1	1644	8365		晴野望楼	2				0	
1	1	0	1	1646	8367		晴野玄墀馆	2				0	
1	1	0	1	1647	8368		晴野黄杨帖柱楼	3				0	
1	3	0	1	1648	8369		晴野月亭	3				0	
1	3	0	1	1649	8370		晴野八椽亭	3				0	
4	1	0	2	76	2076		天字・极乐帽	1		0.5;1.2		0	
4	1	0	2	1438	9153		西山宝库・罗曼琴	3		0.5;1.2		0	
4	1	0	2	122	2122		夜话・白鹭	4		0.5;1.2		0	
4	1	0	2	7	2007		红竹背箱	2		0.5;1.2		0	
4	1	0	2	8	2008		弓	2		0.5;1.2		0	
4	1	0	2	10	2010		葫芦	2		0.5;1.2		0	
4	1	0	2	11	2011		曼罗琴	2		0.5;1.2		0	
4	1	0	2	17	2017		珠玑	3		0.5;1.2		0	
4	1	0	2	19	2019		风筝	1		0.5;1.2		0	
4	1	0	2	20	2020		大红花	1		0.5;1.2		0	
4	1	0	2	21	2021		风车	1		0.5;1.2		0	
4	1	0	2	22	2022		琴	2		0.5;1.2		0	
4	1	0	2	23	2023		书箱	2		0.5;1.2		0	
4	1	0	2	24	2024		娃娃	2		0.5;1.2		0	
4	1	0	2	25	2025		包裹	2		0.5;1.2		0	
4	1	0	2	26	2026		冷月伞	2		0.5;1.2		0	
4	1	0	2	27	2027		烟雨伞	2		0.5;1.2		0	
4	1	0	2	28	2028		画篓	2		0.5;1.2		0	
4	1	0	2	29	2029		锅铲	1		0.5;1.2		0	
4	1	0	2	31	2031			4		0.5;1.2		0	
4	1	0	2	32	2032		霸王钳	3		0.5;1.2		0	
4	1	0	2	33	2033		霸王弩	3		0.5;1.2		0	
4	1	0	2	34	2034		潺	3		0.5;1.2		0	
4	1	0	2	35	2035		焰	3		0.5;1.2		0	
4	1	0	2	36	2036		画卷	3		0.5;1.2		0	
4	1	0	2	37	2037		食	3		0.5;1.2		0	
4	1	0	2	39	2039		孟秋砚	3		0.5;1.2		0	
4	1	0	2	44	2044		徊	4		0.5;1.2		0	
4	1	0	2	49	2049		夺命三千	4		0.5;1.2		0	
4	1	0	2	52	2052		纸鸢	3		0.5;1.2		0	
4	1	0	2	53	2053		盘龙碧	3		0.5;1.2		0	
4	1	0	2	74	2074		天字・如意架	1		0.5;1.2		0	
4	1	0	2	75	2075		天字・护花书笈	1		0.5;1.2		0	
4	1	0	2	77	2077		天字・昆吾盾	1		0.5;1.2		0	
4	1	0	2	78	2078		天字・歃血盾	1		0.5;1.2		0	
4	1	0	2	82	2082		天字・乐志帽	1		0.5;1.2		0	
4	1	0	2	83	2083		天字・霓裳架	1		0.5;1.2		0	
4	1	0	2	84	2084		天字・玉果篮	1		0.5;1.2		0	
4	1	0	2	85	2085		蓝晶魔脸	4		0.5;1.2		0	
4	1	0	2	86	2086		炎风鼓	4		0.5;1.2		0	
4	1	0	2	95	2095		蓝涡	3		0.5;1.2		0	
4	1	0	2	99	2099		金龙跃云	4		0.5;1.2		0	
4	1	0	2	103	2103		暮春寒	3		0.5;1.2		0	
4	1	0	2	106	2106		挑天	4		0.5;1.2		0	
4	1	0	2	107	2107		摄心凌魄	4		0.5;1.2		0	
4	1	0	2	108	2108		赤缨无回	4		0.5;1.2		0	
4	1	0	2	123	2123		因花生	4		0.5;1.2		0	
4	1	0	2	136	2136		三味净琉璃	2		0.5;1.2		0	
4	1	0	2	137	2137		金红狩命	4		0.5;1.2		0	
4	1	0	2	138	2138		秋声烛影	4		0.5;1.2		0	
4	1	0	2	145	2145		繁华梦・离魄	3		0.5;1.2		0	
4	1	0	2	152	2152		捍天下・忠魂	3		0.5;1.2		0	
4	1	0	2	153	2153		娑婆诃	3		0.5;1.2		0	
4	1	0	2	154	2154		忆红颜	3		0.5;1.2		0	
4	1	0	2	161	2161		尽忠报国	4		0.5;1.2		0	
4	1	0	2	164	2164		童梦	3		0.5;1.2		0	
4	1	0	2	165	2165		白牡丹花篮绿瓷瓶	4		0.5;1.2		0	
4	1	0	2	166	2166		龙夺瑞	4		0.5;1.2		0	
4	1	0	2	167	2167		不见万物	4		0.5;1.2		0	
4	1	0	2	168	2168		心猿意马	4		0.5;1.2		0	
4	1	0	2	169	2169		醉江湖	3		0.5;1.2		0	
4	1	0	2	170	2170		黑龙斩铁	4		0.5;1.2		0	
4	1	0	2	173	2173		缄素画札	4		0.5;1.2		0	
4	1	0	2	187	2187		赤狼破刃	4		0.5;1.2		0	
4	1	0	2	188	2188		白蛟腹	4		0.5;1.2		0	
4	1	0	2	189	2189		千人屠双鳄	4		0.5;1.2		0	
4	1	0	2	190	2190		阿史那汗旗	4		0.5;1.2		0	
4	1	0	2	228	2228		青金暴君	4		0.5;1.2		0	
4	1	0	2	231	2231		青耳钟	4		0.5;1.2		0	
4	1	0	2	232	2232		影傀儡	4		0.5;1.2		0	
4	1	0	2	243	2243		血犀角	4		0.5;1.2		0	
4	1	0	2	251	2251		朝与暮・秋菊	4		0.5;1.2		0	
4	1	0	2	252	2252		双飞燕・秋菊	4		0.5;1.2		0	
4	1	0	2	259	2259		狰目鬼角刀	3		0.5;1.2		0	
4	1	0	2	260	2260		令云旗	3		0.5;1.2		0	
4	1	0	2	266	2266		神武盔	4		0.5;1.2		0	
4	1	0	2	267	2267		飞天	4		0.5;1.2		0	
4	1	0	2	269	2269		运筹帷幄・幕	4		0.5;1.2		0	
4	1	0	2	277	2277		清潇梨歌	4		0.5;1.2		0	
4	1	0	2	286	2286		神羽盔	4		0.5;1.2		0	
4	1	0	2	288	2288		玉玲珑	4		0.5;1.2		0	
4	1	0	2	312	2312		水长生・青金莲	4		0.5;1.2		0	
4	1	0	2	338	2338		溯梦	4		0.5;1.2		0	
4	1	0	2	340	2340		芳菲耀・秋菊	4		0.5;1.2		0	
4	1	0	2	341	2341		明王眼	4		0.5;1.2		0	
4	1	0	2	342	2342		战威	4		0.5;1.2		0	
4	1	0	2	343	2343		千年老参	4		0.5;1.2		0	
4	1	0	2	344	2344		龟甲	4		0.5;1.2		0	
4	1	0	2	345	2345		驰西风	4		0.5;1.2		0	
4	1	0	2	346	2346		七宝葫芦	4		0.5;1.2		0	
4	1	0	2	364	2364		七彩风车	4		0.5;1.2		0	
4	1	0	2	373	2373		绛焰	4		0.5;1.2		0	
4	1	0	2	374	2374		春风鼓	4		0.5;1.2		0	
4	1	0	2	381	2381		桃华夭夭	4		0.5;1.2		0	
4	1	0	2	392	2392		银阙	4		0.5;1.2		0	
4	1	0	2	405	2405		故曲	4		0.5;1.2		0	
4	1	0	2	433	2433		九霄环佩	4		0.5;1.2		0	
4	1	0	2	450	2450		南瑞自来	4		0.5;1.2		0	
4	1	0	2	458	2458		擎风龙旗	4		0.5;1.2		0	
4	1	0	2	465	2465		趁东风	4		0.5;1.2		0	
4	1	0	2	474	2474		夜雨沁荷	4		0.5;1.2		0	
4	1	0	2	712	2712		樱华坠梦	4		0.5;1.2		0	
4	1	0	2	713	2713		身后名	4		0.5;1.2		0	
4	1	0	2	717	2717		石剑・溟灵	4		0.5;1.2		0	
4	2	0	2	732	3001		号角	2		0.5;1.2		0	
4	2	0	2	733	3002		腰鼓	2		0.5;1.2		0	
4	2	0	2	735	3004		猪腿	3		0.5;1.2		0	
4	2	0	2	737	3006		竹筒	3		0.5;1.2		0	
4	2	0	2	739	3008		清萧	3		0.5;1.2		0	
4	2	0	2	743	3012		金甲木鱼	2		0.5;1.2		0	
4	2	0	2	744	3013		蓬莱仙露	2		0.5;1.2		0	
4	2	0	2	745	3014		神牛葫芦	2		0.5;1.2		0	
4	2	0	2	746	3015		绣花鼓	2		0.5;1.2		0	
4	2	0	2	747	3016		秋剑	2		0.5;1.2		0	
4	2	0	2	748	3017		酒坛	3		0.5;1.2		0	
4	2	0	2	749	3018		腰刀	2		0.5;1.2		0	
4	2	0	2	750	3019		血魔铃	3		0.5;1.2		0	
4	2	0	2	751	3020		木鱼	4		0.5;1.2		0	
4	2	0	2	755	3024		断水流	3		0.5;1.2		0	
4	2	0	2	757	3026		灯笼	1		0.5;1.2		0	
4	2	0	2	758	3027		箭囊	1		0.5;1.2		0	
4	2	0	2	759	3028		香囊	2		0.5;1.2		0	
4	2	0	2	760	3029		水囊	2		0.5;1.2		0	
4	2	0	2	761	3030		手帕	2		0.5;1.2		0	
4	2	0	2	762	3031		烟斗	1		0.5;1.2		0	
4	2	0	2	763	3032		铃铛	1		0.5;1.2		0	
4	2	0	2	764	3033		玄武腰刀	2		0.5;1.2		0	
4	2	0	2	765	3034		白虎腰刀	2		0.5;1.2		0	
4	2	0	2	766	3035		青龙腰刀	2		0.5;1.2		0	
4	2	0	2	767	3036		朱雀腰刀	2		0.5;1.2		0	
4	2	0	2	768	3037		麒麟腰刀	2		0.5;1.2		0	
4	2	0	2	769	3038		卷轴	2		0.5;1.2		0	
4	2	0	2	770	3039		高僧览	2		0.5;1.2		0	
4	2	0	2	771	3040		药囊	2		0.5;1.2		0	
4	2	0	2	772	3041		悦	3		0.5;1.2		0	
4	2	0	2	773	3042		卿	3		0.5;1.2		0	
4	2	0	2	774	3043		绝	3		0.5;1.2		0	
4	2	0	2	775	3044		葫芦	2		0.5;1.2		0	
4	2	0	2	776	3045		铩	4		0.5;1.2		0	
4	2	0	2	778	3047		虬雷重剑	3		0.5;1.2		0	
4	2	0	2	779	3048		伯氏埙	2		0.5;1.2		0	
4	2	0	2	780	3049		碧麟	3		0.5;1.2		0	
4	2	0	2	781	3050		赤鳍	3		0.5;1.2		0	
4	2	0	2	789	3058		幽魂曲	3		0.5;1.2		0	
4	2	0	2	810	3079		帝俊号角	4		0.5;1.2		0	
4	2	0	2	811	3080		京衙卫佩包	1		0.5;1.2		0	
4	2	0	2	812	3081		天字・铭心锤	1		0.5;1.2		0	
4	2	0	2	813	3082		天字・草篓	1		0.5;1.2		0	
4	2	0	2	814	3083		天字・酒须醉	1		0.5;1.2		0	
4	2	0	2	815	3084		天字・连城角	1		0.5;1.2		0	
4	2	0	2	816	3085		天字・惬意醺	1		0.5;1.2		0	
4	2	0	2	823	3092		玉脂紫阳瓶	4		0.5;1.2		0	
4	2	0	2	824	3093		洞天壶	4		0.5;1.2		0	
4	2	0	2	825	3094		真黄之眼	4		0.5;1.2		0	
4	2	0	2	826	3095		迷经之卷	4		0.5;1.2		0	
4	2	0	2	827	3096		碧血	4		0.5;1.2		0	
4	2	0	2	828	3097		碧玉圣蛇	4		0.5;1.2		0	
4	2	0	2	835	3104		大福元宝	3		0.5;1.2		0	
4	2	0	2	838	3107		天魅破煞	4		0.5;1.2		0	
4	2	0	2	839	3108		白骨哀	4		0.5;1.2		0	
4	2	0	2	840	3109		震日	4		0.5;1.2		0	
4	2	0	2	844	3113		激焰	4		0.5;1.2		0	
4	2	0	2	845	3114		九幻黑莲	4		0.5;1.2		0	
4	2	0	2	848	3117		唯希法水	3		0.5;1.2		0	
4	2	0	2	849	3118		澄心启明	3		0.5;1.2		0	
4	2	0	2	856	3125		金坠红绫帕	3		0.5;1.2		0	
4	2	0	2	862	3131		斩逆	4		0.5;1.2		0	
4	2	0	2	864	3133		守贞匕	4		0.5;1.2		0	
4	2	0	2	865	3134		碧玉金玲牙梳	4		0.5;1.2		0	
4	2	0	2	866	3135		天地和	2		0.5;1.2		0	
4	2	0	2	872	3141		金铃流离鞭	4		0.5;1.2		0	
4	2	0	2	877	3146		凤翼云箫	4		0.5;1.2		0	
4	2	0	2	880	3149		纵贯线	4		0.5;1.2		0	
4	2	0	2	881	3150		云湛重楼	4		0.5;1.2		0	
4	2	0	2	882	3151		独乐咏	4		0.5;1.2		0	
4	2	0	2	885	3154		觅影瓶	4		0.5;1.2		0	
4	2	0	2	890	3159		鬼神爵	4		0.5;1.2		0	
4	2	0	2	891	3160		礼天地壶	4		0.5;1.2		0	
4	2	0	2	892	3161		困山河	4		0.5;1.2		0	
4	2	0	2	904	3173		洞庭卷	4		0.5;1.2		0	
4	2	0	2	905	3174		扣舷鼓	4		0.5;1.2		0	
4	2	0	2	906	3175		北谢囊	4		0.5;1.2		0	
4	2	0	2	907	3176		弦歌瓶	4		0.5;1.2		0	
4	2	0	2	908	3177		银心铃	4		0.5;1.2		0	
4	2	0	2	914	3183		暖木囊	3		0.5;1.2		0	
4	2	0	2	921	3190		圣祭玄火令	4		0.5;1.2		0	
4	2	0	2	922	3191		七煞	4		0.5;1.2		0	
4	2	0	2	928	3197		侠客	4		0.5;1.2		0	
4	2	0	2	938	3207		贪狼	4		0.5;1.2		0	
4	2	0	2	939	3208		圣影令	4		0.5;1.2		0	
4	2	0	2	957	3226		君心问情	4		0.5;1.2		0	
4	2	0	2	958	3227		香雪流霞	4		0.5;1.2		0	
4	2	0	2	975	3244		寒露	3		0.5;1.2		0	
4	2	0	2	976	3245		灵女泪	4		0.5;1.2		0	
4	2	0	2	977	3246		农趣	4		0.5;1.2		0	
4	2	0	2	978	3247		余香	4		0.5;1.2		0	
4	2	0	2	979	3248		赤鸾腰刀	4		0.5;1.2		0	
4	2	0	2	980	3249		大笑蒲扇	4		0.5;1.2		0	
4	2	0	2	989	3258		东风凝露	3		0.5;1.2		0	
4	2	0	2	993	3262		曲珑清花囊	4		0.5;1.2		0	
4	2	0	2	997	3266		蚀月	4		0.5;1.2		0	
4	2	0	2	1004	3273		醉逍遥	3		0.5;1.2		0	
4	2	0	2	1013	3282		冷香卷豹壶	4		0.5;1.2		0	
4	2	0	2	1020	3289		鹰扬卷轴	4		0.5;1.2		0	
4	2	0	2	1030	3299		长映朱颜	4		0.5;1.2		0	
4	2	0	2	1037	3306		轻烟绕梁	4		0.5;1.2		0	
4	2	0	2	1059	3328		茱萸香角	4		0.5;1.2		0	
4	2	0	2	1066	3335		沐心火	4		0.5;1.2		0	
4	2	0	2	1208	3477		清风徐来	4		0.5;1.2		0	
4	2	0	2	1209	3478		沧海填盈	4		0.5;1.2		0	
4	2	0	2	1210	3479		星汉临空	4		0.5;1.2		0	
4	2	0	2	1211	3480		人间琢玉	4		0.5;1.2		0	
4	2	0	2	1226	3495		敕溟虎符	4		0.5;1.2		0	
4	2	0	2	1233	3502		圈刑镖	4		0.5;1.2		0	
4	2	0	2	1234	3503		赤纹野正宗	4		0.5;1.2		0	
4	2	0	2	1237	3506		旧禅镇	4		0.5;1.2		0	
1	13	1	1	1650	58	2	石制小笔刷	1					
1	13	1	1	1650	8709		石制小笔刷一	1				1	
1	13	1	1	1651	8710		石制小笔刷二	1				1	
1	13	1	1	1652	8711		石制小笔刷三	1				1	
1	13	1	1	1653	8712		石制小笔刷四	1				1	
1	13	1	1	1654	8713		石制小笔刷五	1				1	
1	13	1	1	1655	8714		石制小笔刷六	1				1	
1	13	1	1	1662	8721		石制小三角	1				1	
1	13	1	1	1664	8723		石制小楼梯	1				1	
1	13	2	1	1656	59	2	石制大笔刷	1					
1	13	2	1	1656	8715		石制大笔刷一	1				1	
1	13	2	1	1657	8716		石制大笔刷二	1				1	
1	13	2	1	1658	8717		石制大笔刷三	1				1	
1	13	2	1	1659	8718		石制大笔刷四	1				1	
1	13	2	1	1660	8719		石制大笔刷五	1				1	
1	13	2	1	1661	8720		石制大笔刷六	1				1	
1	13	2	1	1663	8722		石制大三角	1				1	
1	13	2	1	1665	8724		石制中楼梯	1				1	
1	13	2	1	1666	8725		石制大楼梯	1				1	
1	13	3	1	1667	60	2	木制小笔刷	1					
1	13	3	1	1667	8726		木制小笔刷一	1				1	
1	13	3	1	1668	8727		木制小笔刷二	1				1	
1	13	3	1	1669	8728		木制小笔刷三	1				1	
1	13	3	1	1670	8729		木制小笔刷四	1				1	
1	13	3	1	1671	8730		木制小笔刷五	1				1	
1	13	3	1	1672	8731		木制小笔刷六	1				1	
1	13	3	1	1679	8738		木制小三角	1				1	
1	13	3	1	1681	8740		木制小楼梯	1				1	
1	13	4	1	1673	61	2	木制大笔刷	1					
1	13	4	1	1673	8732		木制大笔刷一	1				1	
1	13	4	1	1674	8733		木制大笔刷二	1				1	
1	13	4	1	1675	8734		木制大笔刷三	1				1	
1	13	4	1	1676	8735		木制大笔刷四	1				1	
1	13	4	1	1677	8736		木制大笔刷五	1				1	
1	13	4	1	1678	8737		木制大笔刷六	1				1	
1	13	4	1	1680	8739		木制大三角	1				1	
1	13	4	1	1682	8741		木制中楼梯	1				1	
1	13	4	1	1683	8742		木制大楼梯	1				1	
3	9	1	1	1688	8743		流连・紫	2		0.5;1.2		1	
3	9	1	1	1689	8744		流连・白	2		0.5;1.2		1	
3	9	1	1	1690	8745		流连・红	2		0.5;1.2		1	
3	9	1	1	1691	8746		流连・黄	2		0.5;1.2		1	
3	9	1	1	1692	8747		流连・黄紫	2		0.5;1.2		1	
3	9	1	1	1693	8748		流连・红白	2		0.5;1.2		1	
3	9	1	1	1694	8749		流连・蓝紫	2		0.5;1.2		1	
3	9	1	1	1695	8750		流连・华彩	3		0.5;1.2		1	
3	9	1	1	1696	8751		流连・清素	3		0.5;1.2		1	
3	9	2	1	1697	8752		红尘・一	3		0.5;1.2		1	
3	9	2	1	1698	8753		红尘・二	2		0.5;1.2		1	
3	9	2	1	1699	8754		红尘・三	2		0.5;1.2		1	
3	9	2	1	1700	8755		红尘・四	3		0.5;1.2		1	
3	9	0	1	1701	8756		飘鸿	3		0.5;1.2		1	
3	9	3	1	1702	8757		黄泉・一	2		0.5;1.2		1	
3	9	3	1	1703	8758		黄泉・二	2		0.5;1.2		1	
3	9	3	1	1704	8759		黄泉・三	2		0.5;1.2		1	
3	9	3	1	1705	8760		黄泉・四	2		0.5;1.2		1	
3	9	3	1	1706	8761		黄泉・五	2		0.5;1.2		1	
3	9	3	1	1707	8762		黄泉・六	2		0.5;1.2		1	
3	9	3	1	1708	8763		黄泉・七	2		0.5;1.2		1	
3	9	3	1	1709	8764		黄泉・八	2		0.5;1.2		1	
3	9	4	1	1711	8766		瑞象・一	2		0.5;1.2		1	
3	9	4	1	1712	8767		瑞象・二	2		0.5;1.2		1	
3	9	4	1	1713	8768		瑞象・三	2		0.5;1.2		1	
3	9	4	1	1714	8769		瑞象・四	3		0.5;1.2		1	
3	9	4	1	1715	8770		瑞象・五	3		0.5;1.2		1	
3	9	4	1	1719	8774		瑞象・六	2		0.5;1.2		1	
3	9	4	1	1720	8775		瑞象・七	2		0.5;1.2		1	
3	9	4	1	1721	8776		瑞象・八	2		0.5;1.2		1	
3	9	4	1	1722	8777		瑞象・九	2		0.5;1.2		1	
3	9	4	1	1723	8778		瑞象・十	3		0.5;1.2		1	
3	9	5	1	1724	8779		逢君时・一	3		0.5;1.2		1	
3	9	5	1	1725	8780		逢君时・二	3		0.5;1.2		1	
3	9	5	1	1726	8781		逢君时・三	3		0.5;1.2		1	
3	9	5	1	1727	8782		逢君时・四	3		0.5;1.2		1	
3	9	5	1	1728	8783		逢君时・五	3		0.5;1.2		1	
3	9	5	1	1729	8784		逢君时・六	3		0.5;1.2		1	
3	9	6	1	1730	8785		年光・萤落・白	4		0.5;1.2		1	
3	9	6	1	1731	8786		年光・萤落・绿	4		0.5;1.2		1	
3	9	6	1	1732	8787		年光・萤落・蓝	4		0.5;1.2		1	
3	9	6	1	1733	8788		年光・萤落・金	4		0.5;1.2		1	
3	9	6	1	1734	8789		年光・萤落・粉	4		0.5;1.2		1	
3	9	6	1	1735	8790		年光・流萤・白	2		0.5;1.2		1	
3	9	6	1	1736	8791		年光・流萤・绿	2		0.5;1.2		1	
3	9	6	1	1737	8792		年光・流萤・蓝	2		0.5;1.2		1	
3	9	6	1	1738	8793		年光・流萤・金	2		0.5;1.2		1	
3	9	6	1	1739	8794		年光・流萤・彩	3		0.5;1.2		1	
3	9	7	1	1740	8795		紫陌	3		0.5;1.2		1	
3	9	7	1	1741	8796		金风・君子意	3		0.5;1.2		1	
3	9	7	1	1742	8797		金风・满庭芳	3		0.5;1.2		1	
3	9	7	1	1743	8798		金风・一庭秋	3		0.5;1.2		1	
3	9	7	1	1744	8799		金风・文杏雨	3		0.5;1.2		1	
3	9	8	1	1745	8800		银河・一	4		0.5;1.2		1	
3	9	8	1	1746	8801		银河・二	4		0.5;1.2		1	
3	9	8	1	1747	8802		银河・三	4		0.5;1.2		1	
3	9	8	1	1748	8803		碧落	4		0.5;1.2		1	
3	9	9	1	1749	8804		玉露・白	2		0.5;1.2		1	
3	9	9	1	1750	8805		玉露・蓝	2		0.5;1.2		1	
3	9	9	1	1751	8806		玉露・粉	2		0.5;1.2		1	
3	9	9	1	1752	8807		玉露・橙	2		0.5;1.2		1	
3	9	10	1	1754	8809		烟波・一	2		0.5;1.2		1	
3	9	10	1	1755	8810		烟波・二	2		0.5;1.2		1	
3	9	10	1	1756	8811		烟波・三	2		0.5;1.2		1	
3	9	10	1	1757	8812		烟波・四	4		0.5;1.2		1	
3	9	10	1	1758	8813		烟波・五	4		0.5;1.2		1	
3	9	10	1	1759	8814		烟波・六	4		0.5;1.2		1	
3	9	10	1	1760	8815		咋是空的要换图标	3		0.5;1.2		1	1
1	12	8	1	1761	8917		青竹篱・一	1					
1	12	8	1	1762	8918		青竹篱・二	1					
1	12	8	1	1763	8919		青竹篱・三	1					
1	12	8	1	1764	8920		青竹篱・四	1					
1	12	8	1	1765	8921		青竹篱・五	1					
1	12	8	1	1766	8922		青竹篱・六	1					
1	12	8	1	1767	8923		青竹篱・七	1					
1	12	8	1	1768	8924		青竹篱・八	1					
1	12	11	1	1769	8925		猗竹篱・一	2					
1	12	11	1	1770	8926		猗竹篱・二	2					
1	12	11	1	1771	8927		猗竹篱・三	2					
1	12	11	1	1772	8928		猗竹篱・四	2					
1	12	11	1	1773	8929		猗竹篱・五	2					
1	12	11	1	1774	8930		猗竹篱・六	2					
1	12	11	1	1775	8931		猗竹篱・七	2					
1	12	11	1	1776	8932		猗竹篱・八	2					
1	12	11	1	1777	8933		猗竹篱・九	2					
1	12	18	1	1781	8937		淇竹篱・一	1					
1	12	18	1	1782	8938		淇竹篱・二	1					
1	12	18	1	1783	8939		淇竹篱・三	1					
1	12	18	1	1784	8940		淇竹篱・四	1					
1	12	18	1	1785	8941		淇竹篱・五	1					
1	12	18	1	1786	8942		淇竹篱・六	1					
1	12	18	1	1787	8943		淇竹篱・七	1					
1	12	18	1	1788	8944		淇竹篱・八	1					
1	12	7	1	1789	8945		浅芜柴篱・一	1					
1	12	7	1	1790	8946		浅芜柴篱・二	1					
1	12	7	1	1791	8947		浅芜柴篱・三	1					
1	12	7	1	1792	8948		浅芜柴篱・四	1					
1	12	7	1	1793	8949		浅芜柴篱・五	1					
1	12	7	1	1794	8950		浅芜柴篱・六	1					
1	8	2	1	1795	8951		目雷纹石径・回	2				1	
4	11	0	1	1800	8952		粗陶圃盆	1	1				
4	11	0	1	1801	8953		苑圃土块・一	1	1				
4	11	0	1	1802	8954		苑圃土块・二	1	1				
1	6	1	1	1821	9021		江南连廊・十三	1				1	
1	6	1	1	1822	9022		江南连廊・十四	1				1	
4	10	0	1	1823	9023		桑木案・一	3	1				
4	10	0	1	1824	9024		桑木案・二	4	1				
3	1	0	1	861	6922		蓝瓣八仙花	3		0.5;1.2		1	
3	1	0	1	862	6923		绯色八仙花	3		0.5;1.2		1	
3	1	0	1	863	6924		红荣八仙花	2		0.5;1.2		1	
3	1	0	1	864	6925		紫瓣八仙花	2		0.5;1.2		1	
3	1	0	1	865	6926		纯白八仙花	2		0.5;1.2		1	
3	1	0	1	866	6927		黄蕊八仙花	3		0.5;1.2		1	
3	1	0	1	867	6928		碧华百合	3		0.5;1.2		1	
3	1	0	1	868	6929		灿晖百合	3		0.5;1.2		1	
3	1	0	1	869	6930		绯色百合	2		0.5;1.2		1	
3	1	0	1	870	6931		白花百合	2		0.5;1.2		1	
3	1	0	1	871	6932		黄蕊百合	2		0.5;1.2		1	
3	1	0	1	872	6933		蓝锦牵牛	3		0.5;1.2		1	
3	1	0	1	873	6934		绯锦牵牛	2		0.5;1.2		1	
3	1	0	1	874	6935		红锦牵牛	2		0.5;1.2		1	
3	1	0	1	875	6936		紫锦牵牛	2		0.5;1.2		1	
3	1	0	1	876	6937		黄锦牵牛	3		0.5;1.2		1	
3	1	0	1	877	6938		夜雨玫瑰	3		0.5;1.2		1	
3	1	0	1	878	6939		湖风玫瑰	2		0.5;1.2		1	
3	1	0	1	879	6940		涵春玫瑰	4		0.5;1.2		1	
3	1	0	1	880	6941		灿晖玫瑰	2		0.5;1.2		1	
3	1	0	1	881	6942		粉团玫瑰	2		0.5;1.2		1	
3	1	0	1	882	6943		朱楼玫瑰	2		0.5;1.2		1	
3	1	0	1	883	6944		禁彩玫瑰	3		0.5;1.2		1	
3	1	0	1	884	6945		素信玫瑰	3		0.5;1.2		1	
3	1	0	1	885	6946		虹霞玫瑰	4		0.5;1.2		1	
3	1	0	1	886	6947		曦晖玫瑰	2		0.5;1.2		1	
3	1	0	1	887	6948		彩色郁金香	3		0.5;1.2		1	
3	1	0	1	888	6949		绯色郁金香	2		0.5;1.2		1	
3	1	0	1	889	6950		红郁金香	2		0.5;1.2		1	
3	1	0	1	890	6951		白郁金香	3		0.5;1.2		1	
3	1	0	1	891	6952		黄郁金香	2		0.5;1.2		1	
3	1	0	1	894	6955		荧蓝菌	3		0.5;1.2		1	
3	1	0	1	895	6956		荧红菌	2		0.5;1.2		1	
3	1	0	1	896	6957		荧紫菌	3		0.5;1.2		1	
3	1	0	1	897	6958		荧白菌	2		0.5;1.2		1	
3	1	0	1	898	6959		荧黄菌	2		0.5;1.2		1	
2	4	0	1	1829	9028		三江四海桌	4				1	1
4	10	0	1	1830	9029		松软土堆	1	1				
2	13	0	1	1834	9032		苏芳染妆案・一	3	1				
2	13	0	1	1835	9033		苏芳染妆案・二	4	1				
4	10	0	1	1836	9034		酒桶	2	1				
4	10	0	1	1837	9035		食盘	1	1				
3	4	0	1	1840	9038		杏花	3					
3	4	0	1	1841	9039		曲干流苏	3					
3	4	0	1	1842	9040		流苏	3					
3	4	0	1	1843	9041		广陵修竹	3		0.5;1.2			
3	4	0	1	1844	9042		巴陵桃花	4					
3	4	0	1	1848	9046		矮栾树	2		0.5;1.2			
3	4	0	1	1850	9048		红叶李近属	3		0.5;1.2			
3	4	0	1	1851	9049		虬干蟠桃树・一	2					
3	4	0	1	1852	9050		虬干蟠桃树・二	2					
3	1	0	1	1855	9053		韭莲	2		0.5;1.2		1	
3	4	0	1	1857	9055		虬干蟠桃树・三	2		0.5;1.2			
3	4	0	1	1858	9056		乌桕	4		0.5;1.2			
3	3	0	1	1861	9059		夏生栾树	3		0.5;1.2		1	
3	3	0	1	1862	9060		秋生栾树	3		0.5;1.2		1	
3	5	0	1	1863	9061		池生石苔	1		0.5;1.2		1	
3	5	0	1	1864	9062		池生菖蒲	1		0.5;1.2		1	
3	5	0	1	1865	9063		池生水藻・一	1		0.5;1.2		1	
3	5	0	1	1866	9064		池生水藻・二	1		0.5;1.2		1	
3	5	0	1	1867	9065		池生对座草・一	1		0.5;1.2		1	
3	5	0	1	1868	9066		池生对座草・二	1		0.5;1.2		1	
3	5	2	1	1869	9067		瘦西湖荷花・一	1		0.5;1.2		1	
3	5	2	1	1870	9068		瘦西湖荷花・二	3		0.5;1.2		1	
3	5	2	1	1871	9069		瘦西湖荷花・三	4		0.5;1.2		1	
3	3	0	1	1872	9087		西瓜秧	2		0.5;1.2		1	
3	3	0	1	1873	9088		西瓜藤	2		0.5;1.2		1	
2	5	0	1	1875	9090		不问世事坐垫	2	1			1	
2	17	0	1	1876	9091		不能怂	4		0.5;1.2		1	
2	5	0	1	1877	9092		我独醒椅	4	1			1	
2	5	0	1	1878	9093		不见万物椅	3	1			1	
2	4	0	1	1879	9094		不求甚解几	3				1	
1	14	0	1	1803	8970		方体2米	1				1	
1	14	0	1	1804	8971		方体1米	1				1	
1	14	0	1	1805	8972		隔板1米	1				1	
1	14	0	1	1806	8973		平板2米	1				1	
1	14	0	1	1807	8974		平板4米	1				1	
1	14	0	1	1808	8975		平板1米	1				1	
1	14	0	1	1809	8976		细柱子4米	1				1	
1	14	0	1	1810	8977		细横梁10米	1				1	
1	14	0	1	1811	8978		细横梁4米	1				1	
1	14	0	1	1812	8979		斜面三角1米	1				1	
1	14	0	1	1813	8980		平放三角1米	1				1	
1	14	0	1	1814	8981		屋顶三角1米	1				1	
1	14	0	1	1815	9082		方体4米	1				1	
1	14	0	1	1816	9083		粗柱子4米	1				1	
1	14	0	1	1817	9084		粗横梁10米	1				1	
1	14	0	1	1818	9085		锥直三角1米	1				1	
1	14	0	1	1819	9086		斜面三角2米	1				1	
1	14	0	1	1897	9113		悬梁4米	1				1	
1	14	0	1	1898	9114		阶梯2米	1				1	
1	14	0	1	1899	9115		超细柱子4米	1				1	
1	14	0	1	1900	9116		矮柱子1米	1				1	
2	9	0	1	1901	9117		柔情似水枕	4		0.5;1.2		1	1
3	5	3	1	1902	9118		睡莲・一	2		0.5;1.2		1	
3	5	3	1	1903	9119		睡莲・二	2		0.5;1.2		1	
3	5	3	1	1904	9120		睡莲・三	2		0.5;1.2		1	
3	5	3	1	1905	9121		睡莲・四	3		0.5;1.2		1	
3	5	3	1	1906	9122		睡莲・五	3		0.5;1.2		1	
3	5	3	1	1907	9123		睡莲・六	4		0.5;1.2		1	
3	5	3	1	1908	9124		睡莲・七	4		0.5;1.2		1	
2	3	0	1	1909	9125		君相迎坐障	4				1	1
2	8	0	1	1910	9126		玉帔冰纨	3		0.5;1.2		1	
2	7	0	1	1911	9127		凌雪阁褐毡	2		0.5;1.2		1	
4	10	0	1	1912	9128		灰砖灶台・二	3					1
4	10	0	1	1913	9129		灰砖灶台・三	3					1
3	7	0	1	1914	9130		太湖石影蔽	2					
3	7	0	1	1915	9131		涂胡粉影蔽	2					
1	5	4	1	1916	9132		茅檐门	1					
1	5	1	1	1917	9133		乌栅墙・十四	3					
1	5	6	1	1918	9134		蕉叶竹墙・十二	3					
1	5	3	1	1919	9135		绿竹墙・九	1					
1	12	12	1	1920	9136		楠竹篱・十	2					
1	12	4	1	1921	9137		汉白石栏杆・七	2					
1	12	1	1	1922	9138		梵意石栏杆・七	1					
1	12	2	1	1923	9139		柴篱・九	4					
1	12	3	1	1924	9140		翠泠竹篱・七	2					
1	12	6	1	1925	9141		平江石栏杆・七	3					
1	12	10	1	1926	9142		杂色竹篱・七	1					
1	12	18	1	1927	9143		淇竹篱・九	1					
1	12	14	1	1928	9144		箦竹篱・七	3					
1	12	7	1	1929	9145		浅芜柴篱・七	1					
1	12	8	1	1930	9146		青竹篱・九	1					
1	12	11	1	1931	9147		猗竹篱・九	2					
3	9	4	1	1932	9148		瑞象・十一	3		0.5;1.2		1	
3	9	4	1	1933	9149		瑞象・十二	3		0.5;1.2		1	
3	9	4	1	1934	9150		瑞象・十三	3		0.5;1.2		1	
3	9	4	1	1936	9152		瑞象・十四	3		0.5;1.2		1	
4	1	0	2	1439	9167		天涯独行	4		0.5;1.2		0	
3	1	0	1	1937	9169		蒲公英花・一	1		0.5;1.2		1	
3	1	0	1	1938	9170		蒲公英花・二	1		0.5;1.2		1	
3	1	0	1	1939	9171		蒲公英花・三	1		0.5;1.2		1	
2	5	0	1	1940	9172		兔兔摇酒胡椅	4				1	
4	1	0	2	1440	9173		游梦仙	4		0.5;1.2		0	
4	1	0	2	1441	9217		大唐食神	4		0.5;1.2		0	
