ID	Name	DisplayName	Perform	Broadcast	MaxLootRange	bCanPK	bCanDuel	Type	MaxCopyCount	FarmerMaxCopyCount	MinPlayerCount	MaxPlayerCount	MaxFullLevelPlayerCount	MaxFarmerCount	KeepTime	ManualReset	RefreshCycle	RefreshOffset	MapDrop	ReviveInSitu	UseLastEntry	LimitTimes	BanSkillMask	BattleRelationMask	RevieCycle	AllScenePlayerInFight	ResourcePath	LoginIntervalTime	PreQueuePlayerCount	DoNotGoThroughRoof	QuestCountAchID	CampType	FightList	NeedCampBuff	MaxMapLevel	bCanTongWar	CanJoinBattleField	BanUseItemMask	CanJoinArena	IsArenaMap	NewCampFight	CanJoinTongBattlefield	MapCostThew	InvalidBuffMask	SingleMap	BanChangeTalent	CanSprint	DisableChangeEquip	DisableTalk	QueueForSwitchWhenFull	CampQueue	MaxNeutralPlayerCount	MaxGoodPlayerCount	MaxEvilPlayerCount	InvalidEnchantMask	ForceCheckProgress	IsTongWarMap	MaxCastleVIPPlayerCount	CanJoinCastleVIPQueue	BanTradeItemMask	CanTradeMoney	BanEquipItemMask	CanExistItemMask	IsBattlefield	IsDungeonRoleProgressMap	MapCostVigor
1	稻香村	稻香村	100	1	2	0	0	3	64		1	120			10	0	0	0	15	1	0	0	0	0	0	0	data\source\maps\稻香村\稻香村.jsonmap	20	0	0	375	1	0	0	0	0	0	0	0	0	0	0		0	0	0	1			1	0	0	0	0	2	0		0	0	1	1	1	0			
2	万花	万花	100	1	2	0	1	0	1		1	1800	1500		10	0	0	0	10	1	0	0	0	0	0	0	data\source\maps\万花\万花.jsonmap	0	0	0	378	1	0	0		0	0	0	0	0	0	0		0	0	0	1			1	0	0	0	0	2	0				1	1	1	0			
3	1024_蓝天白云	1024_蓝天白云	100	2	4	1	1	0	1		1	1200			10	1	0	0		1	1	5	0	0	0	0	data\source\maps\1024_蓝天白云\1024_蓝天白云.jsonmap	0	0	0		5	0	0		0	0	0	0	0	0	0		0	0	0	1			1	0	0	0	0	2	0				1	1	1	0			
5	少林	少林	100	2	2	0	1	0	1		1	1800	1500		10	0	0	0	7	1	0	0	0	0	0	0	data\source\maps\少林\少林.jsonmap	0	0	0	376	1	0	0		0	0	0	0	0	0	0		0	0	0	1			1	0	0	0	0	2	0				1	1	1	0			
6	扬州	扬州	100	1	2	0	1	0	1		1	1500	1200		10	0	0	0	3	1	0	0	16	0	0	0	data\source\maps\扬州\扬州.jsonmap	0	0	0	384	1	0	0		0	1	0	1	0	0	1		16	0	0	1			1	0	0	0	0	2	0				1	1	1	0			
7	纯阳	纯阳	100	2	2	0	1	0	1		1	1800	1500		10	0	0	0	5	1	0	0	0	0	0	0	data\source\maps\纯阳\纯阳.jsonmap	0	0	0	377	1	0	0		0	0	0	0	0	0	0		0	0	0	1			1	0	0	0	0	2	0				1	1	1	0			
8	洛阳	洛阳	100	1	2	0	1	0	1		1	1500			10	0	0	0	3	1	0	0	16	0	0	0	data\source\maps\洛阳\洛阳.jsonmap	0	0	0	786	1	0	0		0	1	0	1	0	0	1		16	0	0	1			1	0	0	0	0	2	0				1	1	1	0			
9	洛道	洛道	100	1	2	1	1	0	1		1	1800			10	0	0	0	21	1	0	0	0	0	0	0	data\source\maps\洛道\洛道.jsonmap	0	0	0	386	4	0	0		1	0	0	0	0	1	0		0	0	0	1			1	0	0	0	0	2	0				1	1	1	0			
10	寇岛	寇岛	100	1	4	1	1	0	1		1	1024			10	0	0	0	12	1	0	0	0	0	0	0	data\source\maps\寇岛\寇岛.jsonmap	0	0	0	387	4	0	0		1	0	0	0	0	0	0		0	0	0	1			1	0	0	0	0	2	0				1	1	1	0			
11	天策	天策	100	2	2	0	1	0	1		1	1800	1500		10	0	0	0	9	1	0	0	0	0	0	0	data\source\maps\天策\天策.jsonmap	0	0	0	380	1	0	0		0	0	0	0	0	0	0		0	0	0	1			1	0	0	0	0	2	0				1	1	1	0			
12	枫华谷	枫华谷	100	1	2	1	1	0	1		1	1024			10	0	0	0	21	1	0	0	0	0	0	0	data\source\maps\枫华谷\枫华谷.jsonmap	0	0	0	388	4	0	0		1	0	0	0	0	0	0		0	0	0	1			1	0	0	0	0	2	0				1	1	1	0			
13	金水镇	金水镇	100	1	2	1	1	0	1		1	1800			10	0	0	0	1	1	0	0	0	0	0	0	data\source\maps\金水镇\金水镇.jsonmap	0	0	0	389	4	0	0		1	1	0	1	0	1	1		0	0	0	1			1	0	0	0	0	2	0				1	1	1	0			
14	灵霄峡	灵霄峡	100	2	4	0	0	1	128		1	5			2	1	1440	420		0	1	0	131	0	0	0	data\source\maps\灵霄峡\灵霄峡.jsonmap	0	0	0		1	0	0		0	0	0	0	0	0	0		131	0	0	0			1	0	0	0	0	1	1				1	1	1	0			50
15	长安	长安	100	1	2	0	1	0	1		1	1500			10	0	0	0	3	1	0	0	16	0	0	0	data\source\maps\长安\长安.jsonmap	0	0	0	383	1	0	0		0	1	0	1	0	0	1		16	0	0	1			1	0	0	0	0	2	0				1	1	1	0			
16	七秀	七秀	100	1	2	0	1	0	1		1	1800	1500		10	0	0	0	6	1	0	0	0	0	0	0	data\source\maps\七秀\七秀.jsonmap	0	0	0	379	1	0	0		0	0	0	0	0	0	0		0	0	0	1			1	0	0	0	0	2	0				1	1	1	0			
17	天工坊	天工坊	100	2	4	0	0	1	128		1	5			2	1	1440	420		0	1	0	131	0	0	0	data\source\maps\天工坊\天工坊.jsonmap	0	0	0		1	0	0		0	0	0	0	0	0	0		131	0	0	0			1	0	0	0	0	1	1				1	1	1	0			50
18	无盐岛	无盐岛	100	2	4	0	0	1	128		1	5			2	1	1440	420		0	1	0	131	0	0	0	data\source\maps\无盐岛\无盐岛.jsonmap	0	0	0		1	0	0		0	0	0	0	0	0	0		131	0	0	0			1	0	0	0	0	1	1				1	1	1	0			50
19	空雾峰	空雾峰	100	2	4	0	0	1	128		1	5			2	1	1440	420		0	1	0	131	0	0	0	data\source\maps\空雾峰\空雾峰.jsonmap	0	0	0		1	0	0		0	0	0	0	0	0	0		131	0	0	0			1	0	0	0	0	1	1				1	1	1	0			50
20	天地三才阵	天地三才阵	100	2	4	0	0	1	4096		1	5			2	1	1440	420		0	1	0	131	0	0	0	data\source\maps\天地三才阵\天地三才阵.jsonmap	0	0	0		1	0	0		0	0	0	0	0	0	0		131	0	0	0			1	0	0	0	0	1	1				1	1	1	0			50
21	巴陵县	巴陵县	100	1	2	1	1	0	1		1	1024			10	0	0	0	21	1	0	0	0	0	0	0	data\source\maps\巴陵县\巴陵县.jsonmap	0	0	0	393	4	0	0		1	0	0	0	0	1	0		0	0	0	1			1	0	0	0	0	2	0				1	1	1	0			
22	南屏山	南屏山	100	1	2	1	1	0	1		1	800			10	0	0	0	22	1	0	0	0	0	0	0	data\source\maps\南屏山\南屏山.jsonmap	0	0	0	392	5	0	0		1	0	0	0	0	1	0		0	0	0	1			1	0	0	0	0	2	0				1	1	1	0			
23	龙门荒漠	龙门荒漠	100	1	2	1	1	0	1		1	1800			10	0	0	0	22	1	0	0	0	0	0	0	data\source\maps\龙门荒漠\龙门荒漠.jsonmap	0	0	0	390	4	0	0		1	0	0	0	0	1	0		0	0	0	1			1	0	0	0	0	2	0				1	1	1	0			
25	浩气盟	浩气盟	100	1	2	0	1	0	1		1	1200			10	0	0	0		1	0	0	0	0	0	0	data\source\maps\浩气盟\浩气盟.jsonmap	0	0	0	781	5	0	1		0	0	0	0	0	1	0		0	0	0	1			1	0	0	0	0	2	0				1	1	1	0			
26	荻花宫前山	荻花宫前山	100	2	4	0	0	1	128		1	5			2	0	1440	420		0	1	0	131	0	0	0	data\source\maps\荻花宫前山\荻花宫前山.jsonmap	0	0	0		1	0	0		0	0	0	0	0	0	0		131	0	0	0			1	0	0	0	0	1	1				1	1	1	0			65
27	恶人谷	恶人谷	100	1	2	0	1	0	1		1	1200			10	0	0	0		1	0	0	0	0	0	0	data\source\maps\恶人谷\恶人谷.jsonmap	0	0	0	406	5	0	1		0	0	0	0	0	1	0		0	0	0	1			1	0	0	0	0	2	0				1	1	1	0			
28	日轮山城	日轮山城	100	2	4	0	0	1	128		1	5			2	0	1440	420		0	1	0	131	0	0	0	data\source\maps\日轮山城\日轮山城.jsonmap	0	0	0		1	0	0		0	0	0	0	0	0	0		131	0	0	0			1	0	0	0	0	1	1				1	1	1	0			65
29	五十级云湖天池	五十级云湖天池	100	4	5	0	0	2	512		1	24			10	0	0	0		0	1	0	256	2	160	0	data\source\maps\五十级云湖天池\五十级云湖天池.map	0	0	0		5	0	0		0	0	0	0	0	0	0		256	0	0	1			1	0	0	0	0	2	0				2	0	1	0			
30	昆仑	昆仑	100	1	2	1	1	0	1		1	800			10	0	0	0	22	1	0	0	0	0	0	0	data\source\maps\昆仑\昆仑.jsonmap	0	0	0	391	5	0	0		1	0	0	0	0	1	0		0	0	0	1			1	0	0	0	0	2	0				1	1	1	0			
31	特殊光照地图1	特殊光照地图2	100	1	2	0	0	0	1		1	64			10	0	0	0		1	0	0	0	0	0	0	data\source\maps\特殊光照地图1\特殊光照地图1.map	0	0	0		1	0	0		0	0	0	0	0	0	0		0	0	0	1			1	0	0	0	0	2	0				1	1	1	0			
32	战宝迦兰	战宝迦兰	100	2	6	0	0	1	256		1	10			2	0	4320	420		0	1	0	131	0	0	0	data\source\maps\战宝迦兰\战宝迦兰.jsonmap	0	0	1		1	1	0		0	0	0	0	0	0	0		131	0	0	0			1	0	0	0	0	1	1				1	1	1	0			
33	天子峰	天子峰	100	2	4	0	0	1	128		1	5			10	0	1440	420		0	1	0	131	0	0	0	data\source\maps\天子峰\天子峰.jsonmap	0	0	0		1	0	0		0	0	0	0	0	0	0		131	0	0	0			1	0	0	0	0	1	1				1	1	1	0			75
34	风雨稻香村	风雨稻香村	100	2	4	0	0	1	128		1	5			2	0	1440	420		0	1	0	131	0	0	0	data\source\maps\风雨稻香村\风雨稻香村.jsonmap	0	0	0		1	0	0		0	0	0	0	0	0	0		131	0	0	0			1	0	0	0	0	1	1				1	1	1	0			65
35	瞿塘峡	瞿塘峡	100	1	2	1	1	0	1		1	1024			10	0	0	0	22	1	0	0	0	0	0	0	data\source\maps\瞿塘峡\瞿塘峡.jsonmap	0	0	0	789	4	0	0		1	0	0	0	0	1	0		0	0	0	1			1	0	0	0	0	2	0				1	1	1	0			
36	英雄天地三才阵	英雄天地三才阵	100	2	4	0	0	1	256		1	5			2	0	1440	420		0	1	0	131	0	0	0	data\source\maps\英雄天地三才阵\英雄天地三才阵.jsonmap	0	0	0		1	0	0		0	0	0	0	0	0	0		131	0	0	0			1	0	0	0	0	1	1				1	1	1	0			65
37	英雄天工坊	英雄天工坊	100	2	4	0	0	1	256		1	5			2	0	1440	420		0	1	0	131	0	0	0	data\source\maps\英雄天工坊\英雄天工坊.jsonmap	0	0	0		1	0	0		0	0	0	0	0	0	0		131	0	0	0			1	0	0	0	0	1	1				1	1	1	0			65
38	神农洇	神农洇	100	4	5	0	0	2	512		1	34			2	0	0	0		0	1	0	0	2	160	0	data\source\maps\神农洇\神农洇.jsonmap	0	0	0		5	0	0		0	0	0	0	0	0	0		256	0	0	1			1	0	0	0	0	2	0				2	0	1	0	1		
39	四十级云湖天池	四十级云湖天池	100	4	5	0	0	2	512		1	24			2	0	0	0		0	1	0	256	2	160	0	data\source\maps\四十级云湖天池\四十级云湖天池.map	0	0	0		5	0	0		0	0	0	0	0	0	0		256	0	0	1			1	0	0	0	0	2	0				2	0	1	0	1		
40	英雄荻花宫前山	英雄荻花宫前山	100	2	4	0	0	1	256		1	5			2	0	1440	420		0	1	0	131	0	0	0	data\source\maps\英雄荻花宫前山\英雄荻花宫前山.jsonmap	0	0	0		1	0	0		0	0	0	0	0	0	0		131	0	0	0			1	0	0	0	0	1	1				1	1	1	0			75
41	英雄无盐岛	英雄无盐岛	100	2	4	0	0	1	256		1	5			2	0	1440	420		0	1	0	131	0	0	0	data\source\maps\英雄无盐岛\英雄无盐岛.jsonmap	0	0	0		1	0	0		0	0	0	0	0	0	0		131	0	0	0			1	0	0	0	0	1	1				1	1	1	0			65
42	英雄天子峰	英雄天子峰	100	2	4	0	0	1	256		1	5			2	0	1440	420		0	1	0	131	0	0	0	data\source\maps\英雄天子峰\英雄天子峰.jsonmap	0	0	0		1	0	0		0	0	0	0	0	0	0		131	0	0	0			1	0	0	0	0	1	1				1	1	1	0			95
43	英雄空雾峰	英雄空雾峰	100	2	4	0	0	1	256		1	5			2	0	1440	420		0	1	0	131	0	0	0	data\source\maps\英雄空雾峰\英雄空雾峰.jsonmap	0	0	0		1	0	0		0	0	0	0	0	0	0		131	0	0	0			1	0	0	0	0	1	1				1	1	1	0			65
44	英雄日轮山城	英雄日轮山城	100	2	4	0	0	1	256		1	5			2	0	1440	420		0	1	0	131	0	0	0	data\source\maps\英雄日轮山城\英雄日轮山城.jsonmap	0	0	0		1	0	0		0	0	0	0	0	0	0		131	0	0	0			1	0	0	0	0	1	1				1	1	1	0			75
45	英雄灵霄峡	英雄灵霄峡	100	2	4	0	0	1	256		1	5			2	0	1440	420	2	0	1	0	131	0	0	0	data\source\maps\英雄灵霄峡\英雄灵霄峡.jsonmap	0	0	0		1	0	0		0	0	0	0	0	0	0		131	0	0	0			1	0	0	0	0	1	1				1	1	1	0			65
46	英雄战宝迦兰	英雄战宝迦兰	100	2	6	0	0	1	256		1	25			2	1	10080	6180		0	1	0	131	0	0	0	data\source\maps\英雄战宝迦兰\英雄战宝迦兰.map	0	0	1		1	1	0		0	0	0	0	0	0	0		131	0	0	0			1	0	0	0	0	1	1				1	1	1	0			
47	英雄风雨稻香村	英雄风雨稻香村	100	2	4	0	0	1	100		1	5			2	0	1440	420		0	1	0	131	0	0	0	data\source\maps\英雄风雨稻香村\英雄风雨稻香村.jsonmap	0	0	0		1	0	0		0	0	0	0	0	0	0		131	0	0	0			1	0	0	0	0	1	1				1	1	1	0			75
48	珍珑棋谷	珍珑棋谷	100	4	5	0	0	2	512		1	54			2	0	0	0		0	1	0	0	2	160	0	data\source\maps\珍珑棋谷\珍珑棋谷.jsonmap	0	0	0		5	0	0		0	0	0	0	0	0	0		256	0	0	1			1	0	0	0	0	2	0				2	0	1	0	1		
49	藏剑山庄	藏剑山庄	100	1	2	0	1	0	1		1	1800	1500		10	0	0	0	4	1	0	0	0	0	0	0	data\source\maps\藏剑山庄\藏剑山庄.jsonmap	0	0	0	1337	1	0	0		0	0	0	0	0	0	0		0	0	0	1			1	0	0	0	0	2	0				1	1	1	0			
50	丝绸之路	丝绸之路	100	4	5	0	0	2	512		1	54			2	0	0	0		0	1	0	0	2	160	0	data\source\maps\丝绸之路\丝绸之路.jsonmap	0	0	0		5	0	0		0	0	0	0	0	0	0		256	0	0	1			1	0	0	0	0	2	0				2	0	1	0	1		
51	剑冢	剑冢	100	2	4	0	0	1	128		1	5			10	1	1440	420		0	1	0	131	0	0	0	data\source\maps\剑冢\剑冢.jsonmap	0	0	0		1	0	0		0	0	0	0	0	0	0		131	0	0	0			1	0	0	0	0	1	1				1	1	1	0			50
52	七十级云湖天池	七十级云湖天池	100	4	5	0	0	2	512		1	24			2	0	0	0		0	1	0	0	2	160	0	data\source\maps\七十级云湖天池\七十级云湖天池.jsonmap	0	0	0		5	0	0		0	0	0	0	0	0	0		256	0	0	1			1	0	0	0	0	2	0				2	0	1	0	1		
53	邀星坪_夜射天狼	邀星坪_夜射天狼	100	4	4	0	0	1	128		1	2			2	1	0	0		0	1	0	131	0	0	0	data\source\maps\邀星坪_夜射天狼\邀星坪_夜射天狼.map	0	0	0		1	0	0		0	0	0	0	0	0	0		131	0	0	0			1	0	0	0	0	1	0				1	1	1	0			
55	守株围场_打猎	守株围场_打猎	100	2	4	0	0	1	64		1	2			2	1	0	0		0	1	0	131	0	0	0	data\source\maps\守株围场_打猎\守株围场_打猎.map	0	0	0		1	0	0		0	0	0	0	0	0	0		131	0	0	0			1	0	0	0	0	1	0				1	1	1	0			
56	困龙岭_梅花桩	困龙岭_梅花桩	100	2	4	0	0	1	64		1	2			2	1	0	0		0	1	0	131	0	0	0	data\source\maps\困龙岭_梅花桩\困龙岭_梅花桩.map	0	0	0		1	0	0		0	0	0	0	0	0	0		131	0	0	0			1	0	0	0	0	1	0				1	1	1	0			
57	陷空坳_宇文宝藏	陷空坳_宇文宝藏	100	2	4	0	0	1	128		1	2			2	1	0	0		0	1	0	131	0	0	0	data\source\maps\陷空坳_宇文宝藏\陷空坳_宇文宝藏.map	0	0	0		1	0	0		0	0	0	0	0	0	0		131	0	0	0			1	0	0	0	0	1	0				1	1	1	0			
58	百草园	百草园	100	2	4	0	0	4	512		1	50			10	0	0	0		1	1	0	6	0	0	0	data\source\maps\百草园\百草园.map	0	0	0		1	0	0		0	0	0	0	0	0	0		6	0	0	1			1	0	0	0	0	1	0				1	1	1	0			
60	持国天王殿	持国天王殿	100	3	6	0	0	1	256		1	10			10	0	4320	420		0	1	0	131	0	0	0	data\source\maps\持国天王殿\持国天王殿.jsonmap	0	0	0		1	1	0		0	0	0	0	0	0	0		131	0	0	0			1	0	0	0	0	1	1				1	1	1	0			
61	宫中神武遗迹	宫中神武遗迹	100	3	6	0	0	1	256		1	10			10	0	4320	420		0	1	0	131	0	0	0	data\source\maps\宫中神武遗迹\宫中神武遗迹.jsonmap	0	0	0		1	1	0		0	0	0	0	0	0	0		131	0	0	0			1	0	0	0	0	1	1				1	1	1	0			
62	英雄剑冢	英雄剑冢	100	2	4	0	0	1	256		1	5			2	0	1440	420		0	1	0	131	0	0	0	data\source\maps\英雄剑冢\英雄剑冢.jsonmap	0	0	0		1	0	0		0	0	0	0	0	0	0		131	0	0	0			1	0	0	0	0	1	1				1	1	1	0			105
63	英雄宫中神武遗迹	英雄宫中神武遗迹	100	3	6	0	0	1	256		1	25			2	1	10080	6180		0	1	0	131	0	0	0	data\source\maps\英雄宫中神武遗迹\英雄宫中神武遗迹.map	0	0	0		1	1	0		0	0	0	0	0	0	0		131	0	0	0			1	0	0	0	0	1	1				1	1	1	0			
64	25人普通宫中神武遗迹	25人普通宫中神武遗迹	100	3	6	0	0	1	256		1	25			2	1	10080	6180		0	1	0	131	0	0	0	data\source\maps\25人普通宫中神武遗迹\25人普通宫中神武遗迹.map	0	0	0		1	1	0		0	0	0	0	0	0	0		131	0	0	0			1	0	0	0	0	1	1				1	1	1	0			
65	25人普通持国天王殿	25人普通持国天王殿	100	3	6	0	0	1	256		1	25			2	1	10080	6180		0	1	0	131	0	0	0	data\source\maps\25人普通持国天王殿\25人普通持国天王殿.map	0	0	0		1	1	0		0	0	0	0	0	0	0		131	0	0	0			1	0	0	0	0	1	1				1	1	1	0			
66	英雄持国天王殿	英雄持国天王殿	100	3	6	0	0	1	256		1	25			2	1	10080	6180		0	1	0	131	0	0	0	data\source\maps\英雄持国天王殿\英雄持国天王殿.map	0	0	0		1	1	0		0	0	0	0	0	0	0		131	0	0	0			1	0	0	0	0	1	1				1	1	1	0			
67	荻花宫后山	荻花宫后山	100	3	6	0	0	1	256		1	10			2	0	4320	6180		0	1	0	131	0	0	0	data\source\maps\荻花宫后山\荻花宫后山.jsonmap	0	0	0		1	1	0		0	0	0	0	0	0	0		131	0	0	0			1	0	0	0	0	1	1				1	1	1	0			
68	荻花圣殿	荻花圣殿	100	3	6	0	0	1	256		1	10			2	0	4320	420		1	1	0	131	0	0	0	data\source\maps\荻花圣殿\荻花圣殿.jsonmap	0	0	1		1	1	0		0	0	0	0	0	0	0		131	0	0	0			1	0	0	0	0	1	1				1	1	1	0			
69	10人英雄荻花圣殿	10人英雄荻花圣殿	100	3	6	0	0	1	256		1	10			2	1	4320	420		0	1	0	131	0	0	0	data\source\maps\10人英雄荻花圣殿\10人英雄荻花圣殿.map	0	0	1		1	1	0		0	0	0	0	0	0	0		131	0	0	0			1	0	0	0	0	1	1				1	1	1	0			
70	25人普通荻花圣殿	25人普通荻花圣殿	100	3	6	0	0	1	256		1	25			2	1	10080	6180		1	1	0	131	0	0	0	data\source\maps\25人普通荻花圣殿\25人普通荻花圣殿.map	0	0	1		1	1	0		0	0	0	0	0	0	0		131	0	0	0			1	0	0	0	0	1	1				1	1	1	0			
71	仙踪林	仙踪林	100	2	4	0	0	1	128		1	5			2	1	1440	420		0	1	0	131	0	0	0	data\source\maps\仙踪林\仙踪林.jsonmap	0	0	0		1	1	0		0	0	0	0	0	0	0		131	0	0	0			1	0	0	0	0	1	1				1	1	1	0			
72	25人英雄荻花圣殿	25人英雄荻花圣殿	100	3	6	0	0	1	256		1	25			2	1	10080	6180		0	1	0	131	0	0	0	data\source\maps\25人英雄荻花圣殿\25人英雄荻花圣殿.map	0	0	1		1	1	0		0	0	0	0	0	0	0		131	0	0	0			1	0	0	0	0	1	1				1	1	1	0			
73	英雄荻花宫后山	英雄荻花宫后山	100	3	6	0	0	1	256		1	10			2	1	4320	6180		0	1	0	131	0	0	0	data\source\maps\英雄荻花宫后山\英雄荻花宫后山.map	0	0	0		1	1	0		0	0	0	0	0	0	0		131	0	0	0			1	0	0	0	0	1	1				1	1	1	0			
74	帮会领地	帮会领地	100	1	4	0	1	4	640	590	1	200			1	0	0	0		1	1	0	6	0	0	0	data\source\maps\帮会领地\帮会领地.jsonmap	0	0	0		1	0	0		0	0	0	0	0	0	1		6	0	0	1			1	0	0	0	0	1	0				1	1	1	0			
75	毒神殿	毒神殿	100	2	4	0	0	1	128		1	5			2	1	1440	420		0	1	0	131	0	0	0	data\source\maps\毒神殿\毒神殿.map	0	0	0		1	1	0		0	0	0	0	0	0	0		131	0	0	0			1	0	0	0	0	1	1				1	1	1	0			
100	白龙口	白龙口	100	1	2	1	1	0	1		1	1500			10	0	0	0	23	1	0	0	0	0	0	0	data\source\maps\白龙口\白龙口.map	0	0	0	1854	4	0	0		1	0	0	0	0	1	0		0	0	0	1			1	0	0	0	0	2	0				1	1	1	0			
101	无量山	无量山	100	1	2	1	1	0	1		1	1500			10	0	0	0	23	1	0	0	0	0	0	0	data\source\maps\无量山\无量山.map	0	0	0	1861	4	0	0		1	0	0	0	0	1	0		0	0	0	1			1	0	0	0	0	2	0				1	1	1	0			
102	五毒	五毒	100	1	2	0	1	0	1		1	1800	1500		10	0	0	0	11	1	0	0	0	0	0	0	data\source\maps\五毒\五毒.jsonmap	0	0	0	1876	1	0	0		0	0	0	0	0	0	0		0	0	0	1			1	0	0	0	0	2	0				1	1	1	0			
103	融天岭	融天岭	100	1	2	1	1	0	1		1	1250			10	0	0	0	23	1	0	0	0	0	0	0	data\source\maps\融天岭\融天岭.map	0	0	0	1817	4	0	0		1	0	0	0	0	1	0		0	0	0	1			1	0	0	0	0	2	0				1	1	1	0			
104	黑龙沼	黑龙沼	100	1	2	1	1	0	1		1	1250			10	0	0	0	23	1	0	0	0	0	0	0	data\source\maps\黑龙沼\黑龙沼.map	0	0	0	1832	4	0	0		1	0	0	0	0	1	0		0	0	0	1			1	0	0	0	0	2	0				1	1	1	0			
105	苍山洱海	苍山洱海	100	1	2	1	1	0	1		1	1024			10	0	0	0		1	0	0	0	0	0	0	data\source\maps\苍山洱海\苍山洱海.map	0	0	0	6442	5	0	0		1	0	0	0	0	1	0		0	0	0	1			1	0	0	0	0	2	0				1	1	1	0			
106	法王窟	法王窟	100	2	4	0	0	1	128		1	5			10	1	1440	420		0	1	0	131	0	0	0	data\source\maps\法王窟\法王窟.map	0	0	0		1	1	0		0	0	0	0	0	0	0		131	0	0	0			1	0	0	0	0	1	1				1	1	1	0			
107	无量宫	无量宫	100	2	4	0	0	1	128		1	5			2	1	1440	420		0	1	0	131	0	0	0	data\source\maps\无量宫\无量宫.map	0	0	0		1	0	0		0	0	0	0	0	0	0		131	0	0	0			1	0	0	0	0	1	1				1	1	1	0			
108	成都	成都	100	1	2	0	1	0	1		1	1500			10	0	0	0	23	1	0	0	16	0	0	0	data\source\maps\成都\成都.jsonmap	0	0	0	1807	1	0	0		0	1	0	1	0	0	1		16	0	0	1			1	0	0	0	0	2	0				1	1	1	0			
109	龙渊泽	龙渊泽	100	3	6	0	1	1	320		1	10			2	0	4320	420		0	1	0	131	0	0	0	data\source\maps\龙渊泽\龙渊泽.jsonmap	0	0	0		1	1	0		0	0	0	0	0	0	0		131	0	0	0			1	0	0	0	0	1	1				1	1	1	0			
110	寂灭厅	寂灭厅	100	2	4	0	0	1	128		1	5			2	1	1440	420		0	1	0	131	0	0	0	data\source\maps\寂灭厅\寂灭厅.map	0	0	1		1	0	0		0	0	0	0	0	0	0		131	0	0	0			1	0	0	0	0	1	1				1	1	1	0			
111	英雄仙踪林	英雄仙踪林	100	2	4	0	0	1	320		1	5			2	0	1440	420		0	1	0	131	0	0	0	data\source\maps\英雄仙踪林\英雄仙踪林.jsonmap	0	0	0		1	1	0		0	0	0	0	0	0	0		131	0	0	0			1	0	0	0	0	1	1				1	1	1	0			80
112	英雄毒神殿	英雄毒神殿	100	2	4	0	0	1	320		1	5			2	0	1440	420		0	1	0	131	0	0	0	data\source\maps\英雄毒神殿\英雄毒神殿.jsonmap	0	0	0		1	1	0		0	0	0	0	0	0	0		131	0	0	0			1	0	0	0	0	1	1				1	1	1	0			80
113	英雄寂灭厅	英雄寂灭厅	100	2	4	0	0	1	320		1	5			2	0	1440	420		0	1	0	131	0	0	0	data\source\maps\英雄寂灭厅\英雄寂灭厅.jsonmap	0	0	1		1	0	0		0	0	0	0	0	0	0		131	0	0	0			1	0	0	0	0	1	1				1	1	1	0			80
114	英雄无量宫	英雄无量宫	100	2	4	0	0	1	320		1	5			2	0	1440	420		0	1	0	131	0	0	0	data\source\maps\英雄无量宫\英雄无量宫.jsonmap	0	0	0		1	0	0		0	0	0	0	0	0	0		131	0	0	0			1	0	0	0	0	1	1				1	1	1	0			80
115	英雄法王窟	英雄法王窟	100	2	4	0	0	1	320		1	5			2	0	1440	420		0	1	0	131	0	0	0	data\source\maps\英雄法王窟\英雄法王窟.jsonmap	0	0	0		1	1	0		0	0	0	0	0	0	0		131	0	0	0			1	0	0	0	0	1	1				1	1	1	0			80
116	低级仙踪林	低级仙踪林	100	2	4	0	0	1	128		1	5			2	1	1440	420		0	1	0	131	0	0	0	data\source\maps\低级仙踪林\低级仙踪林.jsonmap	0	0	0		1	1	0		0	0	0	0	0	0	0		131	0	0	0			1	0	0	0	0	1	1				1	1	1	0			40
117	25人英雄龙渊泽	25人英雄龙渊泽	100	3	6	0	1	1	256		1	25			2	1	10080	6180		0	1	0	131	0	0	0	data\source\maps\25人英雄龙渊泽\25人英雄龙渊泽.map	0	0	0		1	1	0		0	0	0	0	0	0	0		131	0	0	0			1	0	0	0	0	1	1				1	1	1	0			
118	25人普通龙渊泽	25人普通龙渊泽	100	3	6	0	1	1	256		1	25			2	1	10080	6180		0	1	0	131	0	0	0	data\source\maps\25人普通龙渊泽\25人普通龙渊泽.map	0	0	0		1	1	0		0	0	0	0	0	0	0		131	0	0	0			1	0	0	0	0	1	1				1	1	1	0			
119	10人英雄龙渊泽	10人英雄龙渊泽	100	3	6	0	1	1	256		1	10			2	1	4320	420		0	1	0	131	0	0	0	data\source\maps\10人英雄龙渊泽\10人英雄龙渊泽.map	0	0	0		1	1	0		0	0	0	0	0	0	0		131	0	0	0			1	0	0	0	0	1	1				1	1	1	0			
120	荻花洞窟	荻花洞窟	100	3	6	0	0	1	256		1	10			2	0	4320	420		0	1	0	131	0	0	0	data\source\maps\荻花洞窟\荻花洞窟.jsonmap	0	0	1		1	1	0		0	0	0	0	0	0	0		131	0	0	0			1	0	0	0	0	1	1				1	1	1	0			
121	英雄神农洇	英雄神农洇	100	4	5	0	0	2	512		1	34			2	0	0	0		0	1	0	256	2	160	0	data\source\maps\英雄神农洇\英雄神农洇.map	0	0	0		5	0	0		0	0	0	0	0	0	0		256	0	0	0			1	0	0	0	0	2	0				2	0	1	0			
122	唐门	唐门	100	1	2	0	1	0	1		1	1800	1500		10	0	0	0	8	1	0	0	0	0	0	0	data\source\maps\唐门\唐门.jsonmap	0	0	0	2705	1	0	0		0	0	0	0	0	0	0		0	0	0	1			1	0	0	0	0	2	0				1	1	1	0			
123	低级唐门密室	低级唐门密室	100	3	4	0	0	1	128		1	5			10	1	1440	420		0	1	0	131	0	0	0	data\source\maps\低级唐门密室\低级唐门密室.jsonmap	0	0	0		1	1	0		0	0	0	0	0	0	0		131	0	0	0			1	0	0	0	0	1	1				1	1	1	0			50
125	唐门密室	唐门密室	100	3	4	0	0	1	320		1	5			2	0	1440	420		0	1	0	131	0	0	0	data\source\maps\唐门密室\唐门密室.jsonmap	0	0	1		1	0	0		0	0	0	0	0	0	0		131	0	0	0			1	0	0	0	0	1	1				1	1	1	0			90
126	神剑冢	神剑冢	100	3	6	0	0	1	256		1	25			10	0	1440	420		0	1	0	131	0	0	0	data\source\maps\神剑冢\神剑冢.jsonmap	0	0	1		1	1	0		0	0	0	0	0	0	0		131	0	0	0			1	0	0	0	0	1	0				1	1	1	0			
127	天山碎冰谷	天山碎冰谷	100	4	1	0	0	2	2048		1	1024			2	0	0	0		0	0	0	8	2	0	0	data\source\maps\天山碎冰谷\天山碎冰谷.jsonmap	0	0	0		4	0	0		0	0	1	0	1	0	0		8	0	1	0	1		1	0	0	0	0		0				2	0	1	0			
128	乐山大佛窟	乐山大佛窟	100	4	1	0	0	2	2048		1	1024			2	0	0	0		0	0	0	8	2	0	0	data\source\maps\乐山大佛窟\乐山大佛窟.jsonmap	0	0	0		4	0	0		0	0	1	0	1	0	0		8	0	1	0	1		1	0	0	0	0		0				2	0	1	0			
129	华山之巅	华山之巅	100	4	1	0	0	2	2048		1	1024			2	0	0	0		0	0	0	8	2	0	0	data\source\maps\华山之巅\华山之巅.jsonmap	0	0	0		4	0	0		0	0	1	0	1	0	0		8	0	1	0	1		1	0	0	0	0		0				2	0	1	0			
130	英雄荻花洞窟	英雄荻花洞窟	100	3	6	0	0	1	256		1	25			2	1	10080	6180		0	1	0	131	0	0	0	data\source\maps\英雄荻花洞窟\英雄荻花洞窟.map	0	0	1		1	1	0		0	0	0	0	0	0	0		131	0	0	0			1	0	0	0	0	1	1				1	1	1	0			
131	持国天王回忆录	持国天王回忆录	100	3	4	0	0	1	320		1	10			2	0	4320	420		0	1	0	131	0	0	0	data\source\maps\持国天王回忆录\持国天王回忆录.jsonmap	0	0	1		1	1	0								0		131	0	0	0			1	0	0	0	0	1	1				1	1	1	0			
133	25人英雄烛龙殿	25人英雄烛龙殿	100	3	6	0	0	1	256		1	25			3	1	10080	6180		0	1	0	128	0	0	0	data\source\maps\25人英雄烛龙殿\25人英雄烛龙殿.map	0	0	1		1	1	0		0	0	0	0	0	0	0		128	0	0	0			1	0	0	0	0	1	1				1	1	1	0			
134	烛龙殿	烛龙殿	100	3	6	0	0	1	256		1	10			10	0	4320	420		0	1	0	128	0	0	0	data\source\maps\烛龙殿\烛龙殿.jsonmap	0	0	1		1	1	0		0	0	0	0	0	0	0		128	0	0	0			1	0	0	0	0	1	1				1	1	1	0			
135	三国古战场	三国古战场	100	4	5	0	0	2	512		1	34			2	0	0	0		0	1	0	0	2	160	0	data\source\maps\三国古战场\三国古战场.jsonmap	0	0	0		5	0	0		0	0	0	0	0	0	0		256	0	0	1			1	0	0	0	0	2	0				2	0	1	0	1		
136	会战唐门	会战唐门	100	3	6	0	0	1	256		1	10			10	0	4320	420		0	1	0	131	0	0	0	data\source\maps\会战唐门\会战唐门.jsonmap	0	0	1		1	1	0		0	0	0	0	0		0		131	0	0	0			1	0	0	0	0	1	1				1	1	1	0			
137	大漠楼兰	大漠楼兰	100	4	1	0	0	2	2048		1	1024			2	0	0	0		0	1	0	8	2	0	0	data\source\maps\大漠楼兰\大漠楼兰.map	0	0	0		4	1	0		0	0	1	0	1	0	0		8	0	1	0	1		1	0	0	0	0		0				2	0	1	0			
138	25人英雄会战唐门	25人英雄会战唐门	100	3	6	0	0	1	256		1	25			3	1	10080	6180		0	1	0	131	0	0	0	data\source\maps\25人英雄会战唐门\25人英雄会战唐门.map	0	0	1		1	1	0		0	0	0	0	0		0		131	0	0	0			1	0	0	0	0	1	1				1	1	1	0			
139	枫华谷_安史之乱	枫华谷・战乱	100	1	2	1	1	0	1		1	1800	1650		10	0	0	0	24	1	0	0	0	0	0	0	data\source\maps\枫华谷_安史之乱\枫华谷_安史之乱.jsonmap	0	0	0	3478	5	0	0		1	0	0	0	0	1	0		0	0	0	1			1	0	0	0	0	2	0				1	1	1	0			
140	南诏皇宫	南诏皇宫	100	3	6	0	0	1	256		1	10			10	0	4320	420		0	1	0	131	0	0	0	data\source\maps\南诏皇宫\南诏皇宫.jsonmap	0	0	1		1	1	0		0	0	0	0	0		0		131	0	0	0			1	0	0	0	0	1	1				1	1	1	0			
141	光明顶秘道	光明顶秘道	100	3	4	0	0	1	320		1	5			2	0	1440	420		0	1	0	131	0	0	0	data\source\maps\光明顶秘道\光明顶秘道.jsonmap	0	0	1		1	0	0		0	0	0	0	0	0	0		131	0	0	0			1	0	0	0	0	1	1				1	1	1	0			90
142	低级光明顶秘道	低级光明顶秘道	100	3	4	0	0	1	128		1	5			2	1	1440	420		0	1	0	131	0	0	0	data\source\maps\低级光明顶秘道\低级光明顶秘道.jsonmap	0	0	1		1	1	0		0	0	0	0	0	0	0		131	0	0	0			1	0	0	0	0	1	1				1	1	1	0			50
143	试炼秘境1	试炼之地	100	1	2	0	0	1	1024		1	1			1	1	0	0		0	0	0	32	0	0	0	data\source\maps\试炼秘境1\试炼秘境1.jsonmap	0	0	0		1	0	0	0	0	0	2	0	0	0	0		32	1	0	0			1	0	0	0	0	1	0				1	1	1	0			
144	试炼秘境2	试炼之地	100	1	2	0	0	1	1024		1	1			1	1	0	0		0	0	0	32	0	0	0	data\source\maps\试炼秘境2\试炼秘境2.jsonmap	0	0	0		1	0	0	0	0	0	2	0	0	0	0		32	1	0	0			1	0	0	0	0	1	0				1	1	1	0			
145	试炼秘境3	试炼之地	100	1	2	0	0	1	1024		1	1			1	1	0	0		0	0	0	32	0	0	0	data\source\maps\试炼秘境3\试炼秘境3.jsonmap	0	0	0		1	0	0	0	0	0	2	0	0	0	0		32	1	0	0			1	0	0	0	0	1	0				1	1	1	0			
146	试炼秘境4	试炼之地	100	1	2	0	0	1	1024		1	1			1	1	0	0		0	0	0	32	0	0	0	data\source\maps\试炼秘境4\试炼秘境4.jsonmap	0	0	0		1	0	0	0	0	0	2	0	0	0	0		32	1	0	0			1	0	0	0	0	1	0				1	1	1	0			
147	试炼秘境5	试炼之地	100	1	2	0	0	1	1024		1	1			1	1	0	0		0	0	0	32	0	0	0	data\source\maps\试炼秘境5\试炼秘境5.jsonmap	0	0	0		1	0	0	0	0	0	2	0	0	0	0		32	1	0	0			1	0	0	0	0	1	0				1	1	1	0			
148	英雄持国回忆录	英雄持国回忆录	100	3	4	0	0	1	320		1	25			10	1	10080	6180		0	1	0	131	0	0	0	data\source\maps\英雄持国回忆录\英雄持国回忆录.map	0	0	1		1	1	0								0		131	0	0	0			1	0	0	0	0	1	1				1	1	1	0			
149	帮会约战	雪原争锋	100	4	5	0	0	2	2048		1	54			2	0	0	0		0	1	0	256	216	160	0	data\source\maps\帮会约战\帮会约战.map	0	0	0		5	0	0		0	0	0	0	0	0	0		256	0	0	1			1	0	0	0	0	2	0	1			1	1	1	0			
150	明教	明教	100	1	2	0	1	0	1		1	1800	1500		10	0	0	0	13	1	0	0	0	0	0	0	data\source\maps\明教\明教.jsonmap	0	0	0	3294	1	0	0		0	0	0	0	0	0	0		0	0	0	1			1	0	0	0	0	2	0				1	1	1	0			
151	洛阳_安史之乱	洛阳・战乱	100	1	2	1	1	0	1		1	1800	1770		10	0	0	0	24	1	0	0	0	0	0	0	data\source\maps\洛阳_安史之乱\洛阳_安史之乱.jsonmap	0	0	0	3460	4	0	0	0	1	0	0	0	0	0	0		0	0	0	1			1	0	0	0	0	2	0				1	1	1	0			
152	大唐监狱	大唐监狱	100	1	2	1	1	0	1		1	1500			10	0	0	0		1	0	0	64	2	0	0	data\source\maps\大唐监狱\大唐监狱.jsonmap	0	0	0		4	0	0		0	0	0	0	0	0	0		64	0	0	1			1	0	0	0	0	2	0				1	1	1	0			
153	马嵬驿	马嵬驿	100	1	2	1	1	0	1		1	1500			10	0	0	0	24	1	0	0	0	0	0	0	data\source\maps\马嵬驿\马嵬驿.jsonmap	0	0	0	3484	5	0	0	0	1	0	0	0	0	1	1		0	0	0	1			1	0	0	0	0	2	0				1	1	1	0			
155	英雄南诏皇宫	英雄南诏皇宫	100	3	6	0	0	1	256		1	25			10	1	10080	6180		0	1	0	131	0	0	0	data\source\maps\英雄南诏皇宫\英雄南诏皇宫.map	0	0	1		1	1	0		0	0	0	0	0	0	0		131	0	0	0			1	0	0	0	0	1	1				1	1	1	0			
156	长安_安史之乱	长安・战乱	100	1	2	1	1	0	1		1	1800	1770		10	0	0	0	24	1	0	0	0	0	0	0	data\source\maps\长安_安史之乱\长安_安史之乱.jsonmap	0	0	0	3466	4	0	0	0	1	1	0	1	0	0	0		0	0	0	1			1	0	0	0	0	2	0				1	1	1	0			
157	英雄一线天	英雄一线天	100	3	4	0	0	1	400		1	5			10	0	1440	420		0	1	0	131	0	0	0	data\source\maps\英雄一线天\英雄一线天.jsonmap	0	0	1		1	0	0		0	0	0	0	0	0	0		131	0	0	0			1	0	0	0	0	1	1				1	1	1	0			120
158	天策_安史之乱	天策・战乱	100	1	2	1	1	0	1		1	1800	1500		10	0	0	0	24	1	0	0	0	0	0	0	data\source\maps\天策_安史之乱\天策_安史之乱.jsonmap	0	0	0	3472	1	0	0	0	0	0	0	0	0	0	0		0	0	0	1			1	0	0	0	0	2	0				1	1	1	0			
159	丐帮	丐帮	100	1	2	0	1	0	1		1	1800	1500		10	0	0	0	14	1	0	0	0	0	0	0	data\source\maps\丐帮\丐帮.jsonmap	0	0	0	3454	1	0	0		0	0	0	0	0	0	0		131	0	0	1			1	0	0	0	0	2	0				1	1	1	0			
160	战宝军械库	战宝军械库	100	3	6	0	0	1	256		1	10			2	0	4320	420		0	1	0	131	0	0	0	data\source\maps\战宝军械库\战宝军械库.jsonmap	0	0	1		1	1	0		0	0	0	0	0		0		131	0	0	0			1	0	0	0	0	1	1				1	1	1	0			
161	华清宫	华清宫	100	3	4	0	0	1	320		1	5			10	1	1440	420		0	1	0	131	0	0	0	data\source\maps\华清宫\华清宫.jsonmap	0	0	1		1	0	0		0	0	0	0	0	0	0		131	0	0	0			1	0	0	0	0	1	1				1	1	1	0			
162	英雄华清宫	英雄华清宫	100	3	4	0	0	1	400		1	5			10	0	1440	420		0	1	0	131	0	0	0	data\source\maps\英雄华清宫\英雄华清宫.jsonmap	0	0	1		1	0	0		0	0	0	0	0	0	0		131	0	0	0			1	0	0	0	0	1	1				1	1	1	0			120
163	华清宫回忆录	华清宫回忆录	100	3	4	0	0	1	400		1	5			10	0	1440	420		0	1	0	131	0	0	0	data\source\maps\华清宫回忆录\华清宫回忆录.jsonmap	0	0	1		1	0	0		0	0	0	0	0	0	0		131	0	0	0			1	0	0	0	0	1	1				1	1	1	0			120
164	大明宫	大明宫	100	3	6	0	0	1	256		1	10			10	0	4320	420		0	1	0	128	0	0	0	data\source\maps\大明宫\大明宫.jsonmap	0	0	1		1	1	0		0	0	0	0	0	0	0		128	0	0	0			1	0	0	0	0	1	1				1	1	1	0			
165	英雄大明宫	英雄大明宫	100	3	6	0	0	1	256		1	25			3	1	10080	6180		0	1	0	128	0	0	0	data\source\maps\英雄大明宫\英雄大明宫.map	0	0	1		1	1	0		0	0	0	0	0	0	0		128	0	0	0			1	0	0	0	0	1	1				1	1	1	0			
167	一线天	一线天	100	3	4	0	0	1	320		1	5			10	1	1440	420		0	1	0	131	0	0	0	data\source\maps\一线天\一线天.jsonmap	0	0	1		1	0	0		0	0	0	0	0	0	0		131	0	0	0			1	0	0	0	0	1	1				1	1	1	0			
169	流离岛	流离岛	100	3	4	0	0	1	320		1	5			10	1	1440	420		0	1	0	131	0	0	0	data\source\maps\流离岛\流离岛.jsonmap	0	0	1		1	0	0		0	0	0	0	0	0	0		131	0	0	0			1	0	0	0	0	1	1				1	1	1	0			40
170	英雄流离岛	英雄流离岛	100	3	4	0	0	1	400		1	5			10	0	1440	420		0	1	0	131	0	0	0	data\source\maps\英雄流离岛\英雄流离岛.jsonmap	0	0	1		1	0	0		0	0	0	0	0	0	0		131	0	0	0			1	0	0	0	0	1	1				1	1	1	0			120
171	英雄战宝军械库	英雄战宝军械库	100	3	6	0	0	1	256		1	25			10	1	10080	6180		0	1	0	131	0	0	0	data\source\maps\英雄战宝军械库\英雄战宝军械库.map	0	0	1		1	1	0		0	0	0	0	0	0	0		131	0	0	0			1	0	0	0	0	1	1				1	1	1	0			
172	长安内城	长安城	100	1	2	0	1	0	1		1	1800	1750		10	0	0	0		1	0	0	16	0	0	0	data\source\maps\长安内城\长安内城.jsonmap	0	0	0	3847	1	0	0		0	1	0	1	0	0	1		16	0	0	0			1	0	0	0	0	2	0				1	1	1	0			
173	齐物阁	齐物阁	100	4	3	0	0	2	512		1	27			2	0	0	0		0	1	0	8	1	0	0	data\source\maps\齐物阁\齐物阁.map	0	0	0		5	0	0		0	0	1	0	0	0	0		8	0	0	0	1	1	1	0	0	0	0	2	0				2	0	1	0			
174	迷仙引	迷仙引	100	1	2	0	0	1	1024		1	2			10	0	0	0		1	0	0	131	0	0	0	data\source\maps\迷仙引\迷仙引.jsonmap	0	0	0		1	0	0		0	0	0	0	0	0	0		131	0	0	0			1	0	0	0	0	1	0				1	1	1	0			
175	血战天策	血战天策	100	3	6	0	0	1	256		1	10			10	0	4320	420		0	1	0	128	0	0	0	data\source\maps\血战天策\血战天策.jsonmap	0	0	1		1	1	0		0	0	0	0	0	0	0		128	0	0	0			1	0	0	0	0	1	1				1	1	1	0			
176	英雄血战天策	英雄血战天策	100	3	6	0	0	1	256		1	25			10	1	10080	6180		0	1	0	128	0	0	0	data\source\maps\英雄血战天策\英雄血战天策.map	0	0	1		1	1	0		0	0	0	0	0	0	0		128	0	0	0			1	0	0	0	0	1	1				1	1	1	0			
177	风雪稻香村	风雪稻香村	100	3	6	0	0	1	256		1	10			10	0	4320	420	16	0	1	0	128	0	0	0	data\source\maps\风雪稻香村\风雪稻香村.jsonmap	0	0	1		1	1	0		0	0	0	0	0	0	0		128	0	0	0			1	0	0	0	0	1	1				1	1	1	0			
178	英雄风雪稻香村	英雄风雪稻香村	100	3	6	0	0	1	256		1	25			10	1	10080	6180		0	1	0	128	0	0	0	data\source\maps\英雄风雪稻香村\英雄风雪稻香村.map	0	0	1		1	1	0		0	0	0	0	0	0	0		128	0	0	0			1	0	0	0	0	1	1				1	1	1	0			
179	直城门	直城门	100	3	4	0	0	1	400		1	5			10	0	1440	420		0	1	0	131	0	0	0	data\source\maps\直城门\直城门.jsonmap	0	0	1		1	0	0		0	0	0	0	0	0	0		131	0	0				1	0	0	0	0	1	1				1	1	1	0			130
181	狼影殿	狼影殿	100	4	3	0	0	2	512		1	45			2	0	0	0		0	1	0	8	475	0	0	data\source\maps\狼影殿\狼影殿.map	0	0	0		5	0	0		0	0	1	0	0	0	0		8	0	0	0	1	1	1	0	0	0	0	2	0				2	0	1	0			
182	秦皇陵	秦皇陵	100	3	6	0	0	1	256		1	10			10	0	4320	420		0	1	0	128	0	0	0	data\source\maps\秦皇陵\秦皇陵.jsonmap	0	0	1		1	1	0		0	0	0	0	0	0	0		128	0	0	0			1					1	1				1	1	1	0			
183	英雄秦皇陵	英雄秦皇陵	100	3	6	0	0	1	256		1	25			10	1	10080	6180		0	1	0	128	0	0	0	data\source\maps\英雄秦皇陵\英雄秦皇陵.map	0	0	1		1	1	0		0	0	0	0	0	0	0		128	0	0	0			1					1	1				1	1	1	0			
184	墨家秘殿	墨家秘殿	100	3	4	0	0	1	320		1	5			10	0	1440	420		0	1	0	131	0	0	0	data\source\maps\墨家秘殿\墨家秘殿.jsonmap	0	0	1		1	0	0		0	0	0	0	0	0	0		131	0	0				1	0	0	0	0	1	1				1	1	1	0			120
186	冷香丘	浮香丘	100	4	5	0	0	2	512		1	34			2	0	0	0		0	1	0	0	2	160	0	data\source\maps\冷香丘\冷香丘.jsonmap	0	0	0		5	0	0		0	0	0	0	0	0	0		256	0	0	1			1	0	0	0	0	2	0				2	0	1	0	1		
187	春明门	春明门	100	3	4	0	0	1	256		1	5			10	0	1440	420		0	1	0	131	0	0	0	data\source\maps\春明门\春明门.jsonmap	0	0	1		1	1	0	0	0	0	0	0	0	0	0		131	0	0	0								1	1				1	1	1	0			120
189	寻宝洞_野人谷	藏宝洞・野人谷	100	2	4	0	0	1	1024		1	5			2	0	1440	420		0	1	0	131	0	0	0	data\source\maps\寻宝洞_野人谷\寻宝洞_野人谷.jsonmap	0	0	0		1	0	0		0	0	0	0	0	0	0		131	0	0	0			1	0	0	0	0	1	0				1	1	1	0			
190	寻宝洞_夜狼山	藏宝洞・夜狼山	100	2	4	0	0	1	1024		1	5			2	0	1440	420		0	1	0	131	0	0	0	data\source\maps\寻宝洞_夜狼山\寻宝洞_夜狼山.jsonmap	0	0	0		1	0	0		0	0	0	0	0	0	0		131	0	0	0			1	0	0	0	0	1	0				1	1	1	0			
191	太原之战_夜守孤城	太原之战・夜守孤城	100	4	6	0	0	1	256		1	10			10	0	4320	420		0	1	0	131	0	0	0	data\source\maps\太原之战_夜守孤城\太原之战_夜守孤城.jsonmap	0	0	1		1	1	0		0	0	0	0	0	0	0		128	0	0	0			1					1	1				1	1	1	0			
192	太原之战_逐虎驱狼	太原之战・逐虎驱狼	100	3	6	0	0	1	256		1	10			10	0	4320	420		0	1	0	128	0	0	0	data\source\maps\太原之战_逐虎驱狼\太原之战_逐虎驱狼.jsonmap	0	0	1		1	1	0		0	0	0	0	0	0	0		128	0	0	0			1					1	1				1	1	1	0			
193	苍云	苍云	100	1	2	0	1	0	1		1	1800	1500		10	0	0	0	17	1	0	0	0	0	0	0	data\source\maps\苍云\苍云.jsonmap	0	0	0	4311	1	0	0	0	0	0	0	0	0	0	0		131	0	0	1			1	0	0	0	0	2	0				1	1	1	0			50
194	太原	太原	100	1	2	0	1	0	1		1	1500			10	0	0	0	18	1	0	0	16	0	0	0	data\source\maps\太原\太原.jsonmap	0	0	0	4317	1	0	0		0	1	0	1	0	0	1		16	0	0	1			1	0	0	0	0	2	0				1	1	1	0			
195	雁门关之役	雁门关之役	100	3	4	0	0	1	320		1	5			10	0	1440	420		0	1	0	128	0	0	0	data\source\maps\雁门关之役\雁门关之役.jsonmap	0	0	1		1	0	0		0	0	0	0	0	0	0		131	0	0	0			1	0	0	0	0	1	1				1	1	1	0			120
196	普通雁门关之役	普通雁门关之役	100	3	4	0	0	1	320		1	5			10	1	1440	420		0	1	0	128	0	0	0	data\source\maps\普通雁门关之役\普通雁门关之役.jsonmap	0	0	1		1	0	0		0	0	0	0	0	0	0		131	0	0	0			1	0	0	0	0	1	1				1	1	1	0			50
197	苍云血誓	苍云	100	1	2	0	1	0	1		1	1550	1500		10	0	0	0		1	0	0	0	0	0	0	data\source\maps\苍云血誓\苍云血誓.jsonmap	0	0	0	4311	1	0	0	0	0	0	0	0	0	0	0		131	0	0	1			1	0	0	0	0	2	0				1	1	1	0			50
198	英雄太原之战_夜守孤城	英雄太原之战・夜守孤城	100	4	6	0	0	1	256		1	25			10	1	10080	6180		0	1	0	131	0	0	0	data\source\maps\英雄太原之战_夜守孤城\英雄太原之战_夜守孤城.map	0	0	1		1	1	0		0	0	0	0	0	0	0		128	0	0	0			1					1	1				1	1	1	0			
199	英雄太原之战_逐虎驱狼	英雄太原之战・逐虎驱狼	100	3	6	0	0	1	256		1	25			10	1	10080	6180		0	1	0	128	0	0	0	data\source\maps\英雄太原之战_逐虎驱狼\英雄太原之战_逐虎驱狼.map	0	0	1		1	1	0		0	0	0	0	0	0	0		128	0	0	0			1					1	1				1	1	1	0			
200	璨翠海厅	璨翠海厅	100	3	4	0	0	1	400		1	5			10	0	1440	420		0	1	0	131	0	0	0	data\source\maps\璨翠海厅\璨翠海厅.jsonmap	0	0	1		1	1	0		0	0	0	0	0	0	0		131	0	0	0			1	0	0	0	0	1	1				1	1	1	0			120
203	天泣林	天泣林	100	3	4	0	0	1	256		1	5			10	1	1440	420		0	1	0	131	0	0	0	data\source\maps\天泣林\天泣林.jsonmap	0	0	1		1	1	0	0	0	0	0	0	0	0	0		131	0	0	0								1	1				1	1	1	0			
204	阴山圣泉	阴山圣泉	100	3	4	0	0	1	256		1	5			10	1	1440	420		0	1	0	131	0	0	0	data\source\maps\阴山圣泉\阴山圣泉.jsonmap	0	0	1		1	1	0	0	0	0	0	0	0	0	0		131	0	0	0								1	1				1	1	1	0			
205	挑战太原之战_夜守孤城	挑战太原之战・夜守孤城	100	4	6	0	0	1	256		1	25			10	1	10080	6180		0	1	0	131	0	0	0	data\source\maps\挑战太原之战_夜守孤城\挑战太原之战_夜守孤城.map	0	0	1		1	1	0		0	0	0	0	0	0	0		128	0	0	0			1					1	1				1	1	1	0			
206	挑战太原之战_逐虎驱狼	挑战太原之战・逐虎驱狼	100	3	6	0	0	1	256		1	25			10	1	10080	6180		0	1	0	128	0	0	0	data\source\maps\挑战太原之战_逐虎驱狼\挑战太原之战_逐虎驱狼.map	0	0	1		1	1	0		0	0	0	0	0	0	0		128	0	0	0			1					1	1				1	1	1	0			
209	梵空禅院	梵空禅院	100	3	4	0	0	1	256		1	5			10	1	1440	420		0	1	0	131	0	0	0	data\source\maps\梵空禅院\梵空禅院.jsonmap	0	0	1		1	1	0	0	0	0	0	0	0	0	0		131	0	0	0								1	1				1	1	1	0			
211	10人挑战太原之战_夜守孤城	10人挑战太原之战・夜守孤城	100	4	6	0	0	1	256		1	10			10	1	4320	420		0	1	0	131	0	0	0	data\source\maps\10人挑战太原之战_夜守孤城\10人挑战太原之战_夜守孤城.map	0	0	1		1	1	0		0	0	0	0	0	0	0		128	0	0	0			1					1	1				1	1	1	0			
212	10人挑战太原之战_逐虎驱狼	10人挑战太原之战・逐虎驱狼	100	3	6	0	0	1	256		1	10			10	1	4320	420		0	1	0	128	0	0	0	data\source\maps\10人挑战太原之战_逐虎驱狼\10人挑战太原之战_逐虎驱狼.map	0	0	1		1	1	0		0	0	0	0	0	0	0		128	0	0	0			1					1	1				1	1	1	0			
213	长歌门	长歌门	100	2	2	0	1	0	1		1	1800	1500	100	10	0	0	0	19	1	0	0	0	0	0	0	data\source\maps\长歌门\长歌门.jsonmap	0	0	0	4985	1	0	0	0	0	0	0	0	0	0	0		131	0	0	1			1	0	0	0	0	2					1	1	1	0			50
214	五台山	五台山	100	1	2	1	1	0	1		1	1200	1170	100	10	0	0	0	25	1	0	0	0	0	0	0	data\source\maps\五台山\五台山.jsonmap	0	0	0	4991	4	0	0	0	1	0	0	0	0	0	0		0	0	0	1			1	0	0	0	0	2					1	1	1	0			
215	千岛湖	千岛湖	100	1	2	1	1	0	1		1	1200	1170	100	10	0	0	0	25	1	0	0	0	0	0	0	data\source\maps\千岛湖\千岛湖.jsonmap	0	0	0	4997	4	0	0	0	1	0	0	0	0	0	0		0	0	0	1			1	0	0	0	0	2					1	1	1	0			
216	阴山大草原	阴山大草原	100	1	2	1	1	0	1		1	1200	1000	100	10	0	0	0	25	1	0	0	0	0	0	0	data\source\maps\阴山大草原\阴山大草原.jsonmap	0	0	0	5009	4	0	0	0	1	0	0	0	0	0	0		0	0	0	1			1	0	0	0	0	2					1	1	1	0			
217	黑戈壁	黑戈壁	100	1	2	1	1	0	1		1	1000	800	50	10	0	0	0	25	1	0	0	0	0	0	0	data\source\maps\黑戈壁\黑戈壁.jsonmap	0	0	0	5003	4	0	0	0	1	0	0	0	0	0	0		0	0	0	1			1	0	0	0	0	2					1	1	1	0			
218	引仙水榭	引仙水榭	100	3	4	0	0	1	256		1	5			10	1	1440	420		0	1	0	131	0	0	0	data\source\maps\引仙水榭\引仙水榭.jsonmap	0	0	1		1	1	0	0	0	0	0	0	0	0	0		131	0	0	0								1	1				1	1	1	0			
219	微山书院	微山书院	100	3	4	0	0	1	256		1	5			10	1	1440	420		0	1	0	131	0	0	0	data\source\maps\微山书院\微山书院.jsonmap	0	0	1		1	1	0	0	0	0	0	0	0	0	0		131	0	0	0								1	1				1	1	1	0			50
220	永王行宫_仙侣庭园	永王行宫_仙侣庭园	100	3	6	0	0	1	256		1	10			10	0	4320	420		0	1	0	128	0	0	0	data\source\maps\永王行宫_仙侣庭园\永王行宫_仙侣庭园.jsonmap	0	0	1		1	1	0		0	0	0	0	0	0	0		128	0	0	0			1					1	1				1	1	1	0			
221	永王行宫_花月别院	永王行宫_花月别院	100	3	6	0	0	1	256		1	10			10	0	4320	420		0	1	0	128	0	0	0	data\source\maps\永王行宫_花月别院\永王行宫_花月别院.jsonmap	0	0	1		1	1	0		0	0	0	0	0	0	0		128	0	0	0			1					1	1				1	1	1	0			
222	挑战璨翠海厅	挑战璨翠海厅	100	3	4	0	0	1	400		1	5			10	1	1440	420		0	1	0	131	0	0	0	data\source\maps\挑战璨翠海厅\挑战璨翠海厅.map	0	0	1		1	1	0		0	0	0	0	0	0	0		131	0	0	0			1	0	0	0	0	1	1				1	1	1	0			
224	英雄天泣林	英雄天泣林	100	3	4	0	0	1	1024		1	5			3	0	1440	420		0	1	0	131	0	0	0	data\source\maps\英雄天泣林\英雄天泣林.jsonmap	0	0	1		1	1	0	0	0	0	0	0	0	0	0		131	0	0	0								1	1				1	1	1	0			120
225	英雄微山书院	英雄微山书院	100	3	4	0	0	1	1024		1	5			3	0	1440	420		0	1	0	131	0	0	0	data\source\maps\英雄微山书院\英雄微山书院.jsonmap	0	0	1		1	1	0	0	0	0	0	0	0	0	0		131	0	0	0								1	1				1	1	1	0			120
227	英雄阴山圣泉	英雄阴山圣泉	100	3	4	0	0	1	1024		1	5			3	0	1440	420		0	1	0	131	0	0	0	data\source\maps\英雄阴山圣泉\英雄阴山圣泉.jsonmap	0	0	1		1	1	0	0	0	0	0	0	0	0	0		131	0	0	0								1	1				1	1	1	0			120
228	英雄梵空禅院	英雄梵空禅院	100	3	4	0	0	1	1024		1	5			3	0	1440	420		0	1	0	131	0	0	0	data\source\maps\英雄梵空禅院\英雄梵空禅院.jsonmap	0	0	1		1	1	0	0	0	0	0	0	0	0	0		131	0	0	0								1	1				1	1	1	0			120
229	英雄引仙水榭	英雄引仙水榭	100	3	4	0	0	1	1024		1	5			3	0	1440	420		0	1	0	131	0	0	0	data\source\maps\英雄引仙水榭\英雄引仙水榭.jsonmap	0	0	1		1	1	0	0	0	0	0	0	0	0	0		131	0	0	0								1	1				1	1	1	0			120
230	英雄永王行宫_花月别院	英雄永王行宫_花月别院	100	3	6	0	0	1	256		1	25			10	1	10080	6180		0	1	0	128	0	0	0	data\source\maps\英雄永王行宫_花月别院\英雄永王行宫_花月别院.map	0	0	1		1	1	0		0	0	0	0	0	0	0		128	0	0	0			1					1	1				1	1	1	0			
231	英雄永王行宫_仙侣庭园	英雄永王行宫_仙侣庭园	100	3	6	0	0	1	256		1	25			10	1	10080	6180		0	1	0	128	0	0	0	data\source\maps\英雄永王行宫_仙侣庭园\英雄永王行宫_仙侣庭园.map	0	0	1		1	1	0		0	0	0	0	0	0	0		128	0	0	0			1					1	1				1	1	1	0			
232	帮会永王行宫_仙侣庭园	试炼永王行宫_仙侣庭园	100	3	6	0	0	1	256		1	25			10	1	10080	6180		0	1	0	128	0	0	0	data\source\maps\帮会永王行宫_仙侣庭园\帮会永王行宫_仙侣庭园.map	0	0	1		1	1	0		0	0	0	0	0	0	0		128	0	0	0			1					1	1				1	1	1	0			
233	帮会永王行宫_花月别院	试炼永王行宫_花月别院	100	3	6	0	0	1	256		1	25			10	1	10080	6180		0	1	0	128	0	0	0	data\source\maps\帮会永王行宫_花月别院\帮会永王行宫_花月别院.map	0	0	1		1	1	0		0	0	0	0	0	0	0		128	0	0	0			1					1	1				1	1	1	0			
234	10人挑战永王行宫_仙侣庭园	10人挑战永王行宫_仙侣庭园	100	3	6	0	0	1	256		1	10			10	1	4320	420		0	1	0	128	0	0	0	data\source\maps\10人挑战永王行宫_仙侣庭园\10人挑战永王行宫_仙侣庭园.map	0	0	1		1	1	0		0	0	0	0	0	0	0		128	0	0	0			1					1	1				1	1	1	0			
235	10人挑战永王行宫_花月别院	10人挑战永王行宫_花月别院	100	3	6	0	0	1	256		1	10			10	1	4320	420		0	1	0	128	0	0	0	data\source\maps\10人挑战永王行宫_花月别院\10人挑战永王行宫_花月别院.map	0	0	1		1	1	0		0	0	0	0	0	0	0		128	0	0	0			1					1	1				1	1	1	0			
236	25人挑战永王行宫_仙侣庭园	25人挑战永王行宫_仙侣庭园	100	3	6	0	0	1	256		1	25			10	1	10080	6180		0	1	0	128	0	0	0	data\source\maps\25人挑战永王行宫_仙侣庭园\25人挑战永王行宫_仙侣庭园.map	0	0	1		1	1	0		0	0	0	0	0	0	0		128	0	0	0			1					1	1				1	1	1	0			
237	25人挑战永王行宫_花月别院	25人挑战永王行宫_花月别院	100	3	6	0	0	1	256		1	25			10	1	10080	6180		0	1	0	128	0	0	0	data\source\maps\25人挑战永王行宫_花月别院\25人挑战永王行宫_花月别院.map	0	0	1		1	1	0		0	0	0	0	0	0	0		128	0	0	0			1					1	1				1	1	1	0			
238	青竹书院	青竹书院	100	4	1	0	0	2	2048		1	1024			2	0	0	0		0	0	0	8	2	0	0	data\source\maps\青竹书院\青竹书院.jsonmap	0	0	0		4	0	0		0	0	1	0	1	0	0		8	0	1	0	1		1	0	0	0	0		0				2	0	1	0			
239	洛阳城北	洛阳城	100	1	2	1	1	0	1		1	1100	1000	50	10	0	0	0		1	0	0	0	0	0	0	data\source\maps\洛阳城北\洛阳城北.jsonmap	0	0	0	5629	4	0	0	0	1	0	0	0	0	0	0		0	0	0	1			1	0	0	0	0	2	0				1	1	1	0			
240	上阳宫_观风殿	上阳宫_观风殿	100	3	6	0	0	1	256		1	10			10	0	4320	420		0	1	0	131	0	0	0	data\source\maps\上阳宫_观风殿\上阳宫_观风殿.jsonmap	0	0	1		1	1	0		0	0	0	0	0	0	0		128	0	0	0			1					1	1				1	1	1	0			
241	上阳宫_双曜亭	上阳宫_双曜亭	100	3	6	0	0	1	256		1	10			10	0	4320	420		0	1	0	131	0	0	0	data\source\maps\上阳宫_双曜亭\上阳宫_双曜亭.jsonmap	0	0	1		1	1	0		0	0	0	0	0	0	0		128	0	0	0			1					1	1				1	1	1	0			
242	白帝水宫	白帝水宫	100	3	4	0	0	1	1024		1	5			2	0	1440	420		0	1	0	131	0	0	0	data\source\maps\白帝水宫\白帝水宫.jsonmap	0	0	1		1	1	0	0	0	0	0	0	0	0	0		131	0	0	0								1	1				1	1	1	0			120
243	霸刀山庄	霸刀山庄	100	2	2	0	1	0	1		1	1800	1500	100	10	0	0	0	20	1	0	0	0	0	0	0	data\source\maps\霸刀山庄\霸刀山庄.jsonmap	0	0	0	5481	1	0	0	0	0	0	0	0	0	0	0		131	0	0	1			1	0	0	0	0	2					1	1	1	0			50
244	挑战白帝水宫	挑战白帝水宫	100	3	4	0	0	1	1024		1	5			2	1	1440	420		0	1	0	131	0	0	0	data\source\maps\挑战白帝水宫\挑战白帝水宫.jsonmap	0	0	1		1	1	0		0	0	0	0	0	0	0		131	0	0	0			1	0	0	0	0	1	1				1	1	1	0			
245	大梦迷境	大梦迷境	100	1	2	0	0	1	1024		1	1			5	0	0	0		1	0	0	131	0	0	0	data\source\maps\大梦迷境\大梦迷境.map	0	0	0		1	0	0		0	0	0	0	0	0	0		131	0	0	0			1	0	0	0	0	1	0				1	1	1	0			
246	星海幻景	星海幻景	100	1	2	0	0	1	1024		1	5			10	0	0	0		1	0	0	128	0	0	0	data\source\maps\星海幻景\星海幻景.jsonmap	0	0	0		1	0	0		0	0	0	0	0	0	0		131	0	0	0			1	0	0	0	0	1	0				1	1	1	0			
247	梦回稻香	梦回稻香	100	1	2	0	0	1	1024		1	1			5	0	0	0		1	0	0	0	0	0	0	data\source\maps\梦回稻香\梦回稻香.jsonmap	0	0	0		1	0	0	0	0	0	0	0	0	0	0		32	1	0	1			1	0	0	0	0	1	0				1	1	1	0			
248	英雄上阳宫_观风殿	英雄上阳宫_观风殿	100	3	6	0	0	1	256		1	25			10	1	10080	6180		0	1	0	131	0	0	0	data\source\maps\英雄上阳宫_观风殿\英雄上阳宫_观风殿.map	0	0	1		1	1	0		0	0	0	0	0	0	0		128	0	0	0			1					1	1				1	1	1	0			
249	英雄上阳宫_双曜亭	英雄上阳宫_双曜亭	100	3	6	0	0	1	256		1	25			10	1	10080	6180		0	1	0	131	0	0	0	data\source\maps\英雄上阳宫_双曜亭\英雄上阳宫_双曜亭.map	0	0	1		1	1	0		0	0	0	0	0	0	0		128	0	0	0			1					1	1				1	1	1	0			
250	帮会上阳宫_观风殿	试炼上阳宫_观风殿	100	3	6	0	0	1	256		1	25			10	1	10080	6180		0	1	0	131	0	0	0	data\source\maps\帮会上阳宫_观风殿\帮会上阳宫_观风殿.map	0	0	1		1	1	0		0	0	0	0	0	0	0		128	0	0	0			1					1	1				1	1	1	0			
251	帮会上阳宫_双曜亭	试炼上阳宫_双曜亭	100	3	6	0	0	1	256		1	25			10	1	10080	6180		0	1	0	131	0	0	0	data\source\maps\帮会上阳宫_双曜亭\帮会上阳宫_双曜亭.map	0	0	1		1	1	0		0	0	0	0	0	0	0		128	0	0	0			1					1	1				1	1	1	0			
256	夕颜阁	夕颜阁	100	3	4	0	0	1	1024		1	5			2	1	1440	420		0	1	0	131	0	0	0	data\source\maps\夕颜阁\夕颜阁.jsonmap	0	0	1		1	1	0	0	0	0	0	0	0	0	0		131	0	0	0								1	1				1	1	1	0			50
257	英雄夕颜阁	英雄夕颜阁	100	3	4	0	0	1	1024		1	5			2	0	1440	420		0	1	0	131	0	0	0	data\source\maps\英雄夕颜阁\英雄夕颜阁.jsonmap	0	0	1		1	1	0	0	0	0	0	0	0	0	0		131	0	0	0								1	1				1	1	1	0			120
258	素月清秋	素月清秋	100	1	2	0	0	1	1024		1	5			10	0	0	0		1	0	0	128	0	0	0	data\source\maps\素月清秋\素月清秋.jsonmap	0	0	0		1	0	0		0	0	0	0	0	0	0		131	0	0	0			1	0	0	0	0	1	0				1	1	1	0			
259	竞技大师_华山之巅	竞技大师_华山之巅	100	16	2	0	1	0	1		1	200			10	0	0	0		1	0	0	0	0	0	0	data\source\maps\竞技大师_华山之巅\竞技大师_华山之巅.jsonmap	0	0	0		1	0	0		1	1	0	1	0	1	1		0	0	0	0			1	0	0	0	0	2	0				1	1	1	0			
260	挑战夕颜阁	挑战夕颜阁	100	3	4	0	0	1	1024		1	5			2	1	1440	420		0	1	0	131	0	0	0	data\source\maps\挑战夕颜阁\挑战夕颜阁.jsonmap	0	0	1		1	1	0		0	0	0	0	0	0	0		131	0	0	0			1	0	0	0	0	1	1				1	1	1	0			
261	天街灯市	天街灯市	100	1	2	0	0	1	1024		1	5			10	0	0	0		1	0	0	128	0	0	0	data\source\maps\天街灯市\天街灯市.jsonmap	0	0	0		1	0	0		0	0	0	0	0	0	0		131	0	0	0			1	0	0	0	0	1	0				1	1	1	0			
262	刀轮海厅	刀轮海厅	100	3	4	0	0	1	1024		1	5			2	0	1440	420		0	1	0	131	0	0	0	data\source\maps\刀轮海厅\刀轮海厅.jsonmap	0	0	1		1	1	0	0	0	0	0	0	0	0	0		131	0	0	0								1	1				1	1	1	0			120
263	风雷刀谷_锻刀厅	风雷刀谷_锻刀厅	100	3	6	0	0	1	256		1	10			10	0	4320	420		0	1	0	128	0	0	0	data\source\maps\风雷刀谷_锻刀厅\风雷刀谷_锻刀厅.jsonmap	0	0	1		1	1	0		0	0	0	0	0	0	0		128	0	0	0			1					1	1				1	1	1	0			
264	风雷刀谷_千雷殿	风雷刀谷_千雷殿	100	3	6	0	0	1	256		1	10			10	0	4320	420		0	1	0	131	0	0	0	data\source\maps\风雷刀谷_千雷殿\风雷刀谷_千雷殿.jsonmap	0	0	1		1	1	0		0	0	0	0	0	0	0		128	0	0	0			1					1	1				1	1	1	0			
265	春节天街灯市	天街灯市・春节・福	100	1	2	0	0	0	1		1	1000			10	0	0	0		1	0	0	0	0	0	0	data\source\maps\春节天街灯市\春节天街灯市.jsonmap	0	0	0		1	0	0		0	0	0	0	0	0	0		0	0	0	0			1	0	0	0	0		0				1	1	1	0			
266	春节天街灯市	天街灯市・春节・禄	100	1	2	0	0	0	1		1	1000			10	0	0	0		1	0	0	0	0	0	0	data\source\maps\春节天街灯市\春节天街灯市.jsonmap	0	0	0		1	0	0		0	0	0	0	0	0	0		0	0	0	0			1	0	0	0	0		0				1	1	1	0			
267	春节天街灯市	天街灯市・春节・寿	100	1	2	0	0	0	1		1	1000			10	0	0	0		1	0	0	0	0	0	0	data\source\maps\春节天街灯市\春节天街灯市.jsonmap	0	0	0		1	0	0		0	0	0	0	0	0	0		0	0	0	0			1	0	0	0	0		0				1	1	1	0			
268	春节天街灯市	天街灯市・春节・祥	100	1	2	0	0	0	1		1	1000			10	0	0	0		1	0	0	0	0	0	0	data\source\maps\春节天街灯市\春节天街灯市.jsonmap	0	0	0		1	0	0		0	0	0	0	0	0	0		0	0	0	0			1	0	0	0	0		0				1	1	1	0			
269	春节天街灯市	天街灯市・春节・禧	100	1	2	0	0	0	1		1	1000			10	0	0	0		1	0	0	0	0	0	0	data\source\maps\春节天街灯市\春节天街灯市.jsonmap	0	0	0		1	0	0		0	0	0	0	0	0	0		0	0	0	0			1	0	0	0	0		0				1	1	1	0			
270	英雄风雷刀谷_千雷殿	英雄风雷刀谷_千雷殿	100	3	6	0	0	1	256		1	25			10	1	10080	6180		0	1	0	131	0	0	0	data\source\maps\英雄风雷刀谷_千雷殿\英雄风雷刀谷_千雷殿.jsonmap	0	0	1		1	1	0		0	0	0	0	0	0	0		128	0	0	0			1					1	1				1	1	1	0			
271	英雄风雷刀谷_锻刀厅	英雄风雷刀谷_锻刀厅	100	3	6	0	0	1	256		1	25			10	1	10080	6180		0	1	0	128	0	0	0	data\source\maps\英雄风雷刀谷_锻刀厅\英雄风雷刀谷_锻刀厅.jsonmap	0	0	1		1	1	0		0	0	0	0	0	0	0		128	0	0	0			1					1	1				1	1	1	0			
272	帮会风雷刀谷_千雷殿	帮会风雷刀谷_千雷殿	100	3	6	0	0	1	256		1	25			10	1	10080	6180		0	1	0	131	0	0	0	data\source\maps\帮会风雷刀谷_千雷殿\帮会风雷刀谷_千雷殿.jsonmap	0	0	1		1	1	0		0	0	0	0	0	0	0		128	0	0	0			1					1	1				1	1	1	0			
273	帮会风雷刀谷_锻刀厅	帮会风雷刀谷_锻刀厅	100	3	6	0	0	1	256		1	25			10	1	10080	6180		0	1	0	128	0	0	0	data\source\maps\帮会风雷刀谷_锻刀厅\帮会风雷刀谷_锻刀厅.jsonmap	0	0	1		1	1	0		0	0	0	0	0	0	0		128	0	0	0			1					1	1				1	1	1	0			
274	春节天街灯市	天街灯市	100	1	2	0	0	1	1024		1	5			10	0	0	0		1	0	0	128	0	0	0	data\source\maps\春节天街灯市\春节天街灯市.jsonmap	0	0	0		1	0	0		0	0	0	0	0	0	0		131	0	0	0			1	0	0	0	0	1	0				1	1	1	0			
275	挑战刀轮海厅	挑战刀轮海厅	100	3	4	0	0	1	1024		1	5			2	1	1440	420		0	1	0	131	0	0	0	data\source\maps\挑战刀轮海厅\挑战刀轮海厅.jsonmap	0	0	1		1	1	0		0	0	0	0	0	0	0		131	0	0	0			1	0	0	0	0	1	1				1	1	1	0			
276	拭剑园	拭剑园	100	5	2	0	1	0	1		1	1200			10	0	0	0		1	1	0	16	0	0	0	data\source\maps\拭剑园\拭剑园.jsonmap	0	0	0		1	0	0		0	0	0	1	0	0	0		16	0	0	1			1	0	0	0	0	2	0				1	1	1	0			
277	拭剑台	拭剑台	100	4	1	0	0	2	2048		1	1024			2	0	0	0		0	0	0	8	2	0	0	data\source\maps\拭剑台\拭剑台.jsonmap	0	0	0		4	0	0		0	0	1	0	1	0	0		8	0	1	0	1		1	0	0	0	0		0				2	0	1	0			
278	拭剑园	拭剑园	100	1	2	0	1	0	1		1	1200			10	0	0	0		1	1	0	16	0	0	0	data\source\maps\拭剑园\拭剑园.jsonmap	0	0	0		1	0	0		0	0	0	1	0	0	0		16	0	0	1			1	0	0	0	0	2	0				1	1	1	0			
279	拭剑园	拭剑园	100	1	2	0	1	0	1		1	1200			10	0	0	0		1	1	0	16	0	0	0	data\source\maps\拭剑园\拭剑园.jsonmap	0	0	0		1	0	0		0	0	0	1	0	0	0		16	0	0	1			1	0	0	0	0	2	0				1	1	1	0			
280	拭剑园	拭剑园	100	1	2	0	1	0	1		1	1200			10	0	0	0		1	1	0	16	0	0	0	data\source\maps\拭剑园\拭剑园.jsonmap	0	0	0		1	0	0		0	0	0	1	0	0	0		16	0	0	1			1	0	0	0	0	2	0				1	1	1	0			
281	拭剑园	拭剑园	100	1	2	0	1	0	1		1	1200			10	0	0	0		1	1	0	16	0	0	0	data\source\maps\拭剑园\拭剑园.jsonmap	0	0	0		1	0	0		0	0	0	1	0	0	0		16	0	0	1			1	0	0	0	0	2	0				1	1	1	0			
282	1024	1024	100	2	4	1	1	0	1		1	1600			10	1	0	0		1	1	5	0	0	0	0	data\source\maps\1024\1024.jsonmap	0	0	0		5	0	0		0	0	0	0	0	0	0		0	0	0	1			1	0	0	0	0	2	0				1	1	1	0			
283	狼牙堡_战兽山	狼牙堡_战兽山	100	3	6	0	0	1	512		1	10			10	0	4320	420		0	1	0	128	0	0	0	data\source\maps\狼牙堡_战兽山\狼牙堡_战兽山.jsonmap	0	0	1		1	1	0		0	0	0	0	0	0	0		128	0	0	0			1					1	1				1	1	1	0			
284	狼牙堡_燕然峰	狼牙堡_燕然峰	100	3	6	0	0	1	512		1	10			10	0	4320	420		0	1	0	128	0	0	0	data\source\maps\狼牙堡_燕然峰\狼牙堡_燕然峰.jsonmap	0	0	1		1	1	0		0	0	0	0	0	0	0		128	0	0	0			1					1	1				1	1	1	0			
285	银雾湖	银雾湖	100	3	4	0	0	1	1024		1	5			2	0	1440	420		0	1	0	131	0	0	0	data\source\maps\银雾湖\银雾湖.jsonmap	0	0	1		1	1	0	0	0	0	0	0	0	0	0		131	0	0	0								1	1				1	1	1	0			120
286	英雄狼牙堡_战兽山	英雄狼牙堡_战兽山	100	3	6	0	0	1	512		1	25			10	1	10080	6180		0	1	0	128	0	0	0	data\source\maps\英雄狼牙堡_战兽山\英雄狼牙堡_战兽山.jsonmap	0	0	1		1	1	0		0	0	0	0	0	0	0		128	0	0	0			1					2	1				1	1	1	0			
287	英雄狼牙堡_燕然峰	英雄狼牙堡_燕然峰	100	3	6	0	0	1	512		1	25			10	1	10080	6180		0	1	0	128	0	0	0	data\source\maps\英雄狼牙堡_燕然峰\英雄狼牙堡_燕然峰.jsonmap	0	0	1		1	1	0		0	0	0	0	0	0	0		128	0	0	0			1					2	1				1	1	1	0			
288	帮会狼牙堡_战兽山	帮会狼牙堡_战兽山	100	3	6	0	0	1	512		1	25			10	1	10080	6180		0	1	0	128	0	0	0	data\source\maps\帮会狼牙堡_战兽山\帮会狼牙堡_战兽山.jsonmap	0	0	1		1	1	0		0	0	0	0	0	0	0		128	0	0	0			1					1	1				1	1	1	0			
289	帮会狼牙堡_燕然峰	帮会狼牙堡_燕然峰	100	3	6	0	0	1	512		1	25			10	1	10080	6180		0	1	0	128	0	0	0	data\source\maps\帮会狼牙堡_燕然峰\帮会狼牙堡_燕然峰.jsonmap	0	0	1		1	1	0		0	0	0	0	0	0	0		128	0	0	0			1					1	1				1	1	1	0			
290	挑战银雾湖	挑战银雾湖	100	3	4	0	0	1	1024		1	5			2	1	1440	420		0	1	0	131	0	0	0	data\source\maps\挑战银雾湖\挑战银雾湖.jsonmap	0	0	1		1	1	0	0	0	0	0	0	0	0	0		131	0	0	0								1	1				1	1	1	0			
291	稻香秘事	稻香秘事	100	3	4	0	0	1	4096		1	5			1	1	1440	420		0	1	0	131	0	0	0	data\source\maps\稻香秘事\稻香秘事.jsonmap	0	0	1		1	1	0		0	0	0	0	0	0	0		131	0	0				1	0	0	0	0	1	1				1	1	1	0			
292	英雄稻香秘事	英雄稻香秘事	100	3	4	0	0	1	1024		1	5			2	0	1440	420		0	1	0	131	0	0	0	data\source\maps\英雄稻香秘事\英雄稻香秘事.jsonmap	0	0	1		1	1	0		0	0	0	0	0	0	0		131	0	0				1	0	0	0	0	1	1				1	1	1	0			120
293	拭剑园战场	拭剑园战场	100	2	4	0	0	1	4096		1	1			1	1	1440	420		0	1	0	16	0	0	0	data\source\maps\拭剑园战场\拭剑园战场.jsonmap	0	0	0		1	0	0		0	0	0	0	0	0	0		16	0	0	1			1	0	0	0	0	1	1				1	1	1	0			65
294	1024_商城默认	1024_商城默认	100	2	4	1	1	0	1		1	1200			10	1	0	0		1	1	5	0	0	0	0	data\source\maps\1024_商城默认\1024_商城默认.jsonmap	0	0	0		5	0	0		0	0	0	0	0	0	0		0	0	0	1			1	0	0	0	0	2	0				1	1	1	0			
295	挑战稻香秘事	挑战稻香秘事	100	3	4	0	0	1	1024		1	5			2	1	1440	420		0	1	0	131	0	0	0	data\source\maps\挑战稻香秘事\挑战稻香秘事.jsonmap	0	0	1		1	1	0		0	0	0	0	0	0	0		131	0	0				1	0	0	0	0	1	1				1	1	1	0			
296	龙门寻宝	龙门绝境	100	4	5	0	0	2	512		1	108			2	0	0	0		0	1	0	512	2	160	0	data\source\maps\龙门寻宝\龙门寻宝.jsonmap	0	0	0		5	0	0		0	0	4	0	0	0	0		8	0	1	1			1	0	0	0	0	2	0				4	0	2	1	1		
297	龙门寻宝_夜晚	龙门绝境・夜	100	4	5	0	0	2	512		1	108			2	0	0	0		0	1	0	512	2	160	0	data\source\maps\龙门寻宝_夜晚\龙门寻宝_夜晚.jsonmap	0	0	0		5	0	0		0	0	4	0	0	0	0		8	0	1	1			1	0	0	0	0	2	0				4	0	2	1	1		
298	狼牙堡_辉天堑	狼牙堡・辉天堑	100	3	6	0	0	1	512		1	10			10	0	4320	420		0	1	0	128	0	0	0	data\source\maps\狼牙堡_辉天堑\狼牙堡_辉天堑.jsonmap	0	0	1		1	1	0		0	0	0	0	0	0	0		128	0	0	0			1					1	1				1	1	1	0		1	240
299	狼牙堡_狼神殿	狼牙堡_狼神殿	100	3	6	0	0	1	512		1	10			10	0	4320	420		0	1	0	131	0	0	0	data\source\maps\狼牙堡_狼神殿\狼牙堡_狼神殿.jsonmap	0	0	1		1	1	0		0	0	0	0	0	0	0		128	0	0	0			1					1	1				1	1	1	0		1	240
300	英雄狼牙堡_辉天堑	英雄狼牙堡・辉天堑	100	3	6	0	0	1	512		1	25			10	1	10080	6180		0	1	0	128	0	0	0	data\source\maps\英雄狼牙堡_辉天堑\英雄狼牙堡_辉天堑.jsonmap	0	0	1		1	1	0		0	0	0	0	0	0	0		128	0	0	0			1					2	1				1	1	1	0		1	
301	英雄狼牙堡_狼神殿	英雄狼牙堡・狼神殿	100	3	6	0	0	1	512		1	25			10	1	10080	6180		0	1	0	131	0	0	0	data\source\maps\英雄狼牙堡_狼神殿\英雄狼牙堡_狼神殿.jsonmap	0	0	1		1	1	0		0	0	0	0	0	0	0		128	0	0	0			1					2	1				1	1	1	0		1	
302	云梦幽泽	云梦幽泽	100	2	2	0	1	0	1		1	1200	1000		10	0	0	0		1	0	0	0	0	0	0	data\source\maps\云梦幽泽\云梦幽泽.jsonmap	0	0	0		1	0	0		0	0	0	0	0	0	0		0	0	0	1			1	0	0	0	0	2	0				1	1	1	0			
303	历战_空雾峰	历战_空雾峰	100	2	4	0	0	1	1024		1	10			2	0	1440	420		0	1	0	131	0	0	0	data\source\maps\历战_空雾峰\历战_空雾峰.jsonmap	0	0	0		1	0	0		0	0	0	0	0	0	0		131	0	0	0			1	0	0	0	0	1	1				1	1	1	0			50
304	历战_天子峰	历战_天子峰	100	2	4	0	0	1	1024		1	10			2	0	1440	420		0	1	0	131	0	0	0	data\source\maps\历战_天子峰\历战_天子峰.jsonmap	0	0	0		1	0	0		0	0	0	0	0	0	0		131	0	0	0			1	0	0	0	0	1	1				1	1	1	0			50
305	历战_寂灭厅	历战_寂灭厅	100	2	4	0	0	1	1024		1	10			2	0	1440	420		0	1	0	131	0	0	0	data\source\maps\历战_寂灭厅\历战_寂灭厅.jsonmap	0	0	0		1	0	0		0	0	0	0	0	0	0		131	0	0	0			1	0	0	0	0	1	1				1	1	1	0			50
306	历战_毒神殿	历战_毒神殿	100	2	4	0	0	1	1024		1	10			2	0	1440	420		0	1	0	131	0	0	0	data\source\maps\历战_毒神殿\历战_毒神殿.jsonmap	0	0	0		1	0	0		0	0	0	0	0	0	0		131	0	0	0			1	0	0	0	0	1	1				1	1	1	0			50
307	历战_荻花圣殿	历战_荻花圣殿	100	2	4	0	0	1	1024		1	10			2	0	1440	420		0	1	0	131	0	0	0	data\source\maps\历战_荻花圣殿\历战_荻花圣殿.jsonmap	0	0	0		1	0	0		0	0	0	0	0	0	0		131	0	0	0			1	0	0	0	0	1	1				1	1	1	0			50
308	历战_风雷刀谷	历战_风雷刀谷	100	2	4	0	0	1	1024		1	10			2	0	1440	420		0	1	0	131	0	0	0	data\source\maps\历战_风雷刀谷\历战_风雷刀谷.jsonmap	0	0	0		1	0	0		0	0	0	0	0	0	0		131	0	0	0			1	0	0	0	0	1	1				1	1	1	0			50
309	历战_风雨稻香村	历战_风雨稻香村	100	2	4	0	0	1	1024		1	10			2	0	1440	420		0	1	0	131	0	0	0	data\source\maps\历战_风雨稻香村\历战_风雨稻香村.jsonmap	0	0	0		1	0	0		0	0	0	0	0	0	0		131	0	0	0			1	0	0	0	0	1	1				1	1	1	0			50
310	历战_灵霄峡	历战_灵霄峡	100	2	4	0	0	1	1024		1	10			2	0	1440	420		0	1	0	131	0	0	0	data\source\maps\历战_灵霄峡\历战_灵霄峡.jsonmap	0	0	0		1	0	0		0	0	0	0	0	0	0		131	0	0	0			1	0	0	0	0	1	1				1	1	1	0			50
311	历战_南诏皇宫	历战_南诏皇宫	100	2	4	0	0	1	1024		1	10			2	0	1440	420		0	1	0	131	0	0	0	data\source\maps\历战_南诏皇宫\历战_南诏皇宫.jsonmap	0	0	0		1	0	0		0	0	0	0	0	0	0		131	0	0	0			1	0	0	0	0	1	1				1	1	1	0			50
312	历战_日轮山城	历战_日轮山城	100	2	4	0	0	1	1024		1	10			2	0	1440	420		0	1	0	131	0	0	0	data\source\maps\历战_日轮山城\历战_日轮山城.jsonmap	0	0	0		1	0	0		0	0	0	0	0	0	0		131	0	0	0			1	0	0	0	0	1	1				1	1	1	0			50
313	历战_天地三才阵	历战_天地三才阵	100	2	4	0	0	1	1024		1	10			2	0	1440	420		0	1	0	131	0	0	0	data\source\maps\历战_天地三才阵\历战_天地三才阵.jsonmap	0	0	0		1	0	0		0	0	0	0	0	0	0		131	0	0	0			1	0	0	0	0	1	1				1	1	1	0			50
314	历战_无盐岛	历战_无盐岛	100	2	4	0	0	1	1024		1	10			2	0	1440	420		0	1	0	131	0	0	0	data\source\maps\历战_无盐岛\历战_无盐岛.jsonmap	0	0	0		1	0	0		0	0	0	0	0	0	0		131	0	0	0			1	0	0	0	0	1	1				1	1	1	0			50
315	历战_英雄风雨稻香村	历战_英雄风雨稻香村	100	2	4	0	0	1	1024		1	10			2	0	1440	420		0	1	0	131	0	0	0	data\source\maps\历战_英雄风雨稻香村\历战_英雄风雨稻香村.jsonmap	0	0	0		1	0	0		0	0	0	0	0	0	0		131	0	0	0			1	0	0	0	0	1	1				1	1	1	0			50
316	历战_荻花洞窟	历战_荻花洞窟	100	2	4	0	0	1	1024		1	10			2	0	1440	420		0	1	0	131	0	0	0	data\source\maps\历战_荻花洞窟\历战_荻花洞窟.jsonmap	0	0	0		1	0	0		0	0	0	0	0	0	0		131	0	0	0			1	0	0	0	0	1	1				1	1	1	0			50
317	历战_烛龙殿	历战_烛龙殿	100	2	4	0	0	1	1024		1	10			2	0	1440	420		0	1	0	131	0	0	0	data\source\maps\历战_烛龙殿\历战_烛龙殿.jsonmap	0	0	0		1	0	0		0	0	0	0	0	0	0		131	0	0	0			1	0	0	0	0	1	1				1	1	1	0			50
318	历战_持国天王殿	历战_持国天王殿	100	2	4	0	0	1	1024		1	10			2	0	1440	420		0	1	0	131	0	0	0	data\source\maps\历战_持国天王殿\历战_持国天王殿.jsonmap	0	0	0		1	0	0		0	0	0	0	0	0	0		131	0	0	0			1	0	0	0	0	1	1				1	1	1	0			50
319	侠影稻香	侠影稻香	100	1	2	0	0	0	1		1	512			10	0	0	0	15	1	0	0	0	0	0	0	data\source\maps\侠影稻香\侠影稻香.jsonmap	20	0	0		1	0	0		0	0	0	0	0	0	0		0	0	0	0			1	0	0	0	0	2	0				1	1	1	0			
321	思过园	思过园	100	1	2	0	1	3	1024		1	1800			2	0	0	0		1	0	0	16	0	0	0	data\source\maps\思过园\思过园.jsonmap	0	0	0		1	0	0		0	0	0	0	0	0	0		16	0	0	1			1	0	0	0	0	2	0				1	1	1	0			
322	洛道_李渡城	李渡鬼域	100	4	6	0	0	2	512		1	100			2	0	0	0		0	1	0	3	2	160	0	data\source\maps\洛道_李渡城\洛道_李渡城.jsonmap	0	0	0		5	0	0		0	0	0	0	0	0	0		256	0	0	0			1	0	0	0	0	2	0				2	0	1	0	1		
323	帮会狼牙堡_辉天堑	帮会狼牙堡_辉天堑	100	3	6	0	0	1	512		1	25			10	1	10080	6180		0	1	0	128	0	0	0	data\source\maps\帮会狼牙堡_辉天堑\帮会狼牙堡_辉天堑.jsonmap	0	0	1		1	1	0		0	0	0	0	0	0	0		128	0	0	0			1					1	1				1	1	1	0			
324	帮会狼牙堡_狼神殿	帮会狼牙堡_狼神殿	100	3	6	0	0	1	512		1	25			10	1	10080	6180		0	1	0	131	0	0	0	data\source\maps\帮会狼牙堡_狼神殿\帮会狼牙堡_狼神殿.jsonmap	0	0	1		1	1	0		0	0	0	0	0	0	0		128	0	0	0			1					1	1				1	1	1	0			
325	洞天福地岛	洞天福地岛	100	1	2	1	1	0	1		1	1900	1200	100	10	0	0	0		1	0	0	0	0	0	0	data\source\maps\洞天福地岛\洞天福地岛.jsonmap	0	0	0	6391	1	0	0		1	0	0	0	0	1	0		0	0	0	1			1	0	0	0	0	2	0				1	1	1	0			
330	龙泉府	龙泉府	100	1	2	1	1	0	1		1	1600	1200	100	10	0	0	0		1	0	0	0	0	0	0	data\source\maps\龙泉府\龙泉府.jsonmap	0	0	0	6392	1	0	0		1	0	0	0	0	1	0		0	0	0	1			1	0	0	0	0	2	0				1	1	1	0			
331	九寨沟	九寨沟	100	1	2	0	1	0	1		1	1200	1170		10	0	0	0		1	0	0	0	0	0	0	data\source\maps\九寨沟\九寨沟.jsonmap	0	0	0		1	0	0	0	0	0	0	0	0	0	0		0	0	0	1			1	0	0	0	0	2					1	1	1	0			
332	侠客岛	侠客岛	100	1	2	0	1	0	1		1	1900	1200	100	10	0	0	0	3	1	0	0	16	0	0	0	data\source\maps\侠客岛\侠客岛.jsonmap	0	0	0	6388	1	0	0		0	1	0	1	0	0	1		16	0	0	1			1	0	0	0	0	2	0				1	1	1	0			
333	蓬莱	蓬莱	100	2	2	0	1	0	1		1	1800	1500	100	10	0	0	0	5	1	0	0	0	0	0	0	data\source\maps\蓬莱\蓬莱.jsonmap	0	0	0	6389	1	0	0		0	0	0	0	0	0	0		0	0	0	1			1	0	0	0	0	2	0				1	1	1	0			
334	经首道源岛	经首道源岛	100	1	2	1	1	0	1		1	1600	1200	50	10	0	0	0		1	0	0	0	0	0	0	data\source\maps\经首道源岛\经首道源岛.jsonmap	0	0	0	6390	1	0	0	0	1	0	0	0	0	0	0		0	0	0	1			1	0	0	0	0	2					1	1	1	0			
337	洞天福地岛_泥兰洞天	泥兰洞天	100	3	4	0	0	1	1024		1	5			2	1	1440	420		0	1	0	131	0	0	0	data\source\maps\洞天福地岛_泥兰洞天\洞天福地岛_泥兰洞天.jsonmap	0	0	1		1	1	0	0	0	0	0	0	0	0	0		131	0	0	0								1	1				1	1	1	0			50
339	经首道源岛_大衍盘丝洞	大衍盘丝洞	100	3	4	0	0	1	1024		1	5			2	1	1440	420		0	1	0	131	0	0	0	data\source\maps\经首道源岛_大衍盘丝洞\经首道源岛_大衍盘丝洞.jsonmap	0	0	1		1	1	0	0	0	0	0	0	0	0	0		131	0	0	0								1	1				1	1	1	0			50
340	龙泉府_镜泊湖	镜泊湖	100	3	4	0	0	1	1024		1	5			2	1	1440	420		0	1	0	131	0	0	0	data\source\maps\龙泉府_镜泊湖\龙泉府_镜泊湖.jsonmap	0	0	1		1	1	0	0	0	0	0	0	0	0	0		131	0	0	0								1	1				1	1	1	0			50
341	冰火岛_荒血路	冰火岛・荒血路	100	3	6	0	0	1	512		1	10			10	1	4320	6180		0	1	0	128	0	0	0	data\source\maps\冰火岛_荒血路\冰火岛_荒血路.jsonmap	0	0	0		1	1	0		0	0	0	0	0	0	0		128	0	0	0			1					2	1				1	1	1	0		1	120
342	蓬莱_九辩馆	九辩馆	100	3	4	0	0	1	1024		1	5			2	1	1440	420		0	1	0	131	0	0	0	data\source\maps\蓬莱_九辩馆\蓬莱_九辩馆.jsonmap	0	0	1		1	1	0	0	0	0	0	0	0	0	0		131	0	0	0								1	1				1	1	1	0			50
343	英雄侠客岛_迷渊岛	英雄迷渊岛	100	3	4	0	0	1	1024		1	5			2	1	1440	420		0	1	0	131	0	0	0	data\source\maps\英雄侠客岛_迷渊岛\英雄侠客岛_迷渊岛.jsonmap	0	0	1		1	1	0	0	0	0	0	0	0	0	0		131	0	0	0								1	1				1	1	1	0			120
344	浮丘岛	浮丘岛	100	1	4	0	0	1	4096	300	1	1			2	0	0	0		1	1	0	8	0	0	0	data\source\maps\浮丘岛\浮丘岛.jsonmap	20	0	0	375	1	0	0	0	0	0	0	0	0	0	0		0	0	0	1			1	0	0	0	0	2	0		0	0	1	1	1	0			
347	冰火岛_青莲狱	冰火岛・青莲狱	100	3	6	0	0	1	512		1	10			10	1	4320	6180		0	1	0	131	0	0	0	data\source\maps\冰火岛_青莲狱\冰火岛_青莲狱.jsonmap	0	0	1		1	1	0		0	0	0	0	0	0	0		128	0	0	0			1					2	1				1	1	1	0		1	120
348	英雄冰火岛_青莲狱	英雄冰火岛・青莲狱	100	3	6	0	0	1	512		1	25			10	1	10080	6180		0	1	0	131	0	0	0	data\source\maps\英雄冰火岛_青莲狱\英雄冰火岛_青莲狱.jsonmap	0	0	1		1	1	0		0	0	0	0	0	0	0		128	0	0	0			1					2	1				1	1	1	0		1	120
349	挑战冰火岛_青莲狱	挑战冰火岛・青莲狱	100	3	6	0	0	1	512		1	25			10	1	10080	6180		0	1	0	131	0	0	0	data\source\maps\挑战冰火岛_青莲狱\挑战冰火岛_青莲狱.jsonmap	0	0	1		1	1	0		0	0	0	0	0	0	0		128	0	0	0			1					2	1				1	1	1	0		1	120
350	帮会冰火岛_青莲狱	试炼冰火岛・青莲狱	100	3	6	0	0	1	512		1	25			10	0	10080	6180		0	1	0	131	0	0	0	data\source\maps\帮会冰火岛_青莲狱\帮会冰火岛_青莲狱.jsonmap	0	0	1		1	1	0		0	0	0	0	0	0	0		128	0	0	0			1					2	1				1	1	1	0			
354	英雄冰火岛_荒血路	英雄冰火岛・荒血路	100	3	6	0	0	1	512		1	25			10	1	10080	6180		0	1	0	128	0	0	0	data\source\maps\英雄冰火岛_荒血路\英雄冰火岛_荒血路.jsonmap	0	0	0		1	1	0		0	0	0	0	0	0	0		128	0	0	0			1					2	1				1	1	1	0		1	120
355	英雄大衍盘丝洞	英雄大衍盘丝洞	100	3	4	0	0	1	1024		1	5			2	1	1440	420		0	1	0	131	0	0	0	data\source\maps\英雄大衍盘丝洞\英雄大衍盘丝洞.jsonmap	0	0	1		1	1	0	0	0	0	0	0	0	0	0		131	0	0	0								1	1				1	1	1	0			120
356	英雄洞天福地岛_泥兰洞天	英雄泥兰洞天	100	3	4	0	0	1	1024		1	5			2	1	1440	420		0	1	0	131	0	0	0	data\source\maps\英雄洞天福地岛_泥兰洞天\英雄洞天福地岛_泥兰洞天.jsonmap	0	0	1		1	1	0	0	0	0	0	0	0	0	0		131	0	0	0								1	1				1	1	1	0			120
357	英雄镜泊湖	英雄镜泊湖	100	3	4	0	0	1	1024		1	5			2	1	1440	420		0	1	0	131	0	0	0	data\source\maps\英雄镜泊湖\英雄镜泊湖.jsonmap	0	0	1		1	1	0	0	0	0	0	0	0	0	0		131	0	0	0								1	1				1	1	1	0			120
358	侠客岛_迷渊岛	迷渊岛	100	3	4	0	0	1	1024		1	5			2	1	1440	420		0	1	0	131	0	0	0	data\source\maps\侠客岛_迷渊岛\侠客岛_迷渊岛.jsonmap	0	0	1		1	1	0	0	0	0	0	0	0	0	0		131	0	0	0								1	1				1	1	1	0			50
359	英雄蓬莱_九辩馆	英雄九辩馆	100	3	4	0	0	1	1024		1	5			2	1	1440	420		0	1	0	131	0	0	0	data\source\maps\英雄蓬莱_九辩馆\英雄蓬莱_九辩馆.jsonmap	0	0	1		1	1	0	0	0	0	0	0	0	0	0		131	0	0	0								1	1				1	1	1	0			120
360	挑战冰火岛_荒血路	挑战冰火岛・荒血路	100	3	6	0	0	1	512		1	25			10	1	10080	6180		0	1	0	128	0	0	0	data\source\maps\挑战冰火岛_荒血路\挑战冰火岛_荒血路.jsonmap	0	0	0		1	1	0		0	0	0	0	0	0	0		128	0	0	0			1					2	1				1	1	1	0		1	120
361	帮会冰火岛_荒血路	试炼冰火岛・荒血路	100	3	6	0	0	1	512		1	25			10	0	10080	6180		0	1	0	128	0	0	0	data\source\maps\帮会冰火岛_荒血路\帮会冰火岛_荒血路.jsonmap	0	0	0		1	1	0		0	0	0	0	0	0	0		128	0	0	0			1					2	1				1	1	1	0			
362	墟海之眼	墟海之眼	100	6	1	0	0	2	2048		1	1024			2	0	0	0		0	0	0	8	2	0	0	data\source\maps\墟海之眼\墟海之眼.jsonmap	0	0	0		4	0	0		0	0	1	0	1	0	0		8	0	1	0	1		1	0	0	0	0		0				2	0	1	0			
